datetime,Latitude,Longitude,Cartesian X,Cartesian Y,Thrust Control,Yaw Control,Vehicle Speed (Kn),C True Heading
2022-07-03 10:55:54.372998,,,0,0,0,0,,
2022-07-03 10:55:55.402600,,,0,0,0,0,,
2022-07-03 10:55:56.541402,34.10617383333334,-117.7119705,0,0,0,0,0.0,182.0
2022-07-03 10:55:57.649004,34.10617383333334,-117.71197,-1.1048353250093617,9.210659435970856,80,46,0.0,182.3
2022-07-03 10:55:58.756606,34.106174,-117.7119695,-1.0588005207767464,9.229191949526616,80,47,0.0,182.2
2022-07-03 10:55:59.833008,34.106174333333335,-117.71196916666666,-1.028110651288336,9.26625697734546,80,47,0.0,182.0
2022-07-03 10:56:00.956210,34.106174,-117.71196883333333,-0.9974207817999259,9.229191949526616,80,47,0.0,182.4
2022-07-03 10:56:02.063812,34.10617416666667,-117.7119685,-0.9667309099688562,9.2477244637897,80,48,0.0,182.2
2022-07-03 10:56:03.171413,34.1061735,-117.7119675,-0.8746613015036256,9.173594407444686,80,48,0.0,182.2
2022-07-03 10:56:04.216615,34.1061735,-117.7119675,-0.8746613015036256,9.173594407444686,80,49,0.0,182.2
2022-07-03 10:56:05.371017,34.106172,-117.71196783333333,-0.9053511709920359,9.006801781906224,80,49,0.0,202.9
2022-07-03 10:56:06.478619,34.10617383333334,-117.71196833333333,-0.9513859752246512,9.210659435970856,80,5C,0.0,237.5
2022-07-03 10:56:07.586221,34.10617466666667,-117.711967,-0.8286264949283509,9.303322005164304,80,79,0.0,243.5
2022-07-03 10:56:08.693823,34.10617383333334,-117.71196666666667,-0.7979366254399407,9.210659435970856,80,7E,0.0,243.2
2022-07-03 10:56:09.801425,34.10617333333333,-117.71196666666667,-0.7979366254399407,9.155061893181601,80,7F,0.0,243.0
2022-07-03 10:56:10.909027,34.106173,-117.71196616666667,-0.7519018212073254,9.117996865362757,80,7F,0.0,243.2
2022-07-03 10:56:12.016629,34.10617216666667,-117.71196583333334,-0.7212119493762558,9.025334296169309,80,7F,0.0,243.0
2022-07-03 10:56:13.093031,34.1061705,-117.71196516666667,-0.6598322103994354,8.840009156367763,80,80,0.0,243.2
2022-07-03 10:56:14.216233,34.106169333333334,-117.71196433333333,-0.5831075343357505,8.710281558648147,80,81,0.0,243.0
2022-07-03 10:56:15.323835,34.106168833333335,-117.71196383333333,-0.5370727277604757,8.654684017273542,80,83,0.0,243.0
2022-07-03 10:56:16.431437,34.106168833333335,-117.71196283333333,-0.4450031192952451,8.654684017273542,80,83,0.0,242.9
2022-07-03 10:56:17.539039,34.10616666666667,-117.71196116666667,-0.29155376716787523,8.413761335390067,80,84,0.0,243.0
2022-07-03 10:56:18.646641,34.106164666666665,-117.71195816666666,-0.015344937086864543,8.191371167769677,80,86,0.0,249.8
2022-07-03 10:56:19.754243,34.1061615,-117.71195516666667,0.2608638953368056,7.839253402429669,80,90,0.0,273.7
2022-07-03 10:56:20.861845,34.106159,-117.7119535,0.414313245121516,7.561265693434675,80,A9,0.0,326.6
2022-07-03 10:56:21.969446,34.106154833333335,-117.71195283333333,0.47569298644099584,7.097952844638134,80,DA,0.0,320.3
2022-07-03 10:56:23.077048,34.10615166666667,-117.71195233333333,0.5217277906736112,6.745835080005451,80,D9,0.0,320.3
2022-07-03 10:56:24.184650,34.106149,-117.71195216666666,0.5370727277604757,6.449314856747372,80,DC,0.0,320.5
2022-07-03 10:56:25.292252,34.10614666666667,-117.711952,0.5524176625046808,6.189859661308137,80,DF,0.0,320.5
2022-07-03 10:56:26.399854,34.106144666666665,-117.71195083333333,0.6598322080567759,5.967469493687747,80,E2,0.0,320.4
2022-07-03 10:56:27.507456,34.1061405,-117.7119495,0.7825916860104167,5.504156644891206,80,E5,0.0,320.5
2022-07-03 10:56:28.615058,34.106138333333334,-117.711949,0.8286264925856914,5.263233963007732,80,EB,0.0,320.5
2022-07-03 10:56:29.722660,34.10613566666667,-117.71194833333334,0.8900062315625119,4.966713739749653,80,EE,0.0,320.4
2022-07-03 10:56:30.830262,34.106133,-117.71194766666666,0.9513859728819917,4.670193516491574,80,F1,0.0,320.5
2022-07-03 10:56:31.937864,34.106131166666664,-117.7119475,0.9667309099688562,4.466335863134268,80,F5,0.0,320.4
2022-07-03 10:56:33.045466,34.106126833333335,-117.71194516666667,1.181559998730387,3.984490500781967,80,F7,0.0,317.5
2022-07-03 10:56:34.153068,34.106124333333334,-117.7119445,1.242939740049867,3.7065027910796484,80,FA,0.0,37.5
2022-07-03 10:56:35.260670,34.1061225,-117.71194483333333,1.2122498705614566,3.5026451377223426,80,9,0.0,94.6
2022-07-03 10:56:36.368272,34.106119,-117.71194433333334,1.258284674794072,3.113462344563491,80,3D,0.0,98.5
2022-07-03 10:56:37.475874,34.106122,-117.7119445,1.242939740049867,3.447047595640414,80,45,0.0,98.9
2022-07-03 10:56:38.583476,34.10612733333333,-117.7119415,1.519148572473537,4.0400880421565715,80,41,0.0,98.8
2022-07-03 10:56:39.675478,34.1061255,-117.71193916666667,1.733977661235068,3.8362303887992657,80,3B,0.0,98.7
2022-07-03 10:56:40.783080,34.106126,-117.71193816666667,1.826047272042958,3.8918279308811945,80,3C,0.0,99.0
2022-07-03 10:56:41.890681,34.10613033333333,-117.71193833333334,1.8107023372987527,4.373673293233495,80,3C,0.0,98.9
2022-07-03 10:56:42.998283,34.10613383333333,-117.71193783333334,1.856737141531368,4.762856086392347,80,37,0.0,98.8
2022-07-03 10:56:44.105885,34.1061345,-117.71193633333333,1.994841558914533,4.836986142737359,80,33,0.0,98.7
2022-07-03 10:56:45.213487,34.10613516666667,-117.711934,2.2096706500187233,4.911116198375049,80,33,0.0,98.9
2022-07-03 10:56:46.321089,34.106134833333336,-117.71193333333333,2.2710503889955436,4.874051170556204,80,32,0.0,98.8
2022-07-03 10:56:47.428691,34.1061355,-117.71193366666667,2.240360519507133,4.948181226193893,80,33,0.0,98.7
2022-07-03 10:56:48.536293,34.1061395,-117.711933,2.301740258483954,5.392961560727349,80,32,0.0,99.0
2022-07-03 10:56:49.581495,34.1061395,-117.711933,2.301740258483954,5.392961560727349,80,2E,0.0,99.0
2022-07-03 10:56:50.735897,34.10614233333333,-117.7119335,2.2557054542513386,5.7080142975411885,80,2E,0.0,98.7
2022-07-03 10:56:51.843499,34.10614133333333,-117.7119325,2.3477750650592286,5.596819214084655,80,2B,0.0,99.3
2022-07-03 10:56:52.951101,34.10614,-117.7119325,2.3477750650592286,5.448559103516602,80,2D,0.0,129.5
2022-07-03 10:56:54.058703,34.10613883333333,-117.7119345,2.1636358434434486,5.31883150508966,80,49,0.0,173.1
2022-07-03 10:56:55.119505,34.10613883333333,-117.7119345,2.1636358434434486,5.31883150508966,80,6F,0.0,200.0
2022-07-03 10:56:56.273907,34.1061365,-117.711933,2.301740258483954,5.059376309650426,80,87,0.0,237.9
2022-07-03 10:56:57.381509,34.1061405,-117.71193383333333,2.2250155847629283,5.504156644891206,80,AB,0.0,249.6
2022-07-03 10:56:58.489111,34.10614783333333,-117.7119415,1.519148572473537,6.31958725832043,80,B1,0.0,259.6
2022-07-03 10:56:59.596713,34.106147,-117.71194483333333,1.2122498705614566,6.226924689126982,80,B0,0.0,270.3
2022-07-03 10:57:00.704315,34.106149,-117.71194616666666,1.0894903902651565,6.449314856747372,80,B9,0.0,287.5
2022-07-03 10:57:01.811916,34.10615116666666,-117.7119475,0.9667309099688562,6.6902375372161975,80,C6,0.0,295.5
2022-07-03 10:57:02.919518,34.1061515,-117.71194933333334,0.7979366230972813,6.727302565742367,80,CA,0.0,283.4
2022-07-03 10:57:04.027120,34.10615083333333,-117.71194983333334,0.7519018165220065,6.653172509397353,80,BE,0.0,268.9
2022-07-03 10:57:05.087922,34.106152,-117.71195283333333,0.47569298644099584,6.782900107824295,80,B2,0.0,245.4
2022-07-03 10:57:06.226724,34.10615283333333,-117.71195466666667,0.3068986995694209,6.875562677017744,80,9A,0.0,212.0
2022-07-03 10:57:07.334326,34.1061545,-117.71195533333334,0.24551896059260048,7.06088781681929,80,7B,0.0,190.1
2022-07-03 10:57:08.395128,34.1061545,-117.71195533333334,0.24551896059260048,7.06088781681929,80,66,0.0,190.1
2022-07-03 10:57:09.549530,34.106150166666666,-117.7119555,0.23017402350573593,6.579042453759665,80,66,0.0,164.1
2022-07-03 10:57:10.657132,34.1061495,-117.71195466666667,0.3068986995694209,6.504912398121976,80,54,0.0,146.1
2022-07-03 10:57:11.764734,34.106149,-117.711954,0.3682784408889007,6.449314856747372,80,45,0.0,100.9
2022-07-03 10:57:12.872336,34.106150666666665,-117.71195383333334,0.38362337563310583,6.634639995841593,80,1F,0.0,87.4
2022-07-03 10:57:13.979938,34.106147666666665,-117.7119545,0.32224363431362596,6.30105474476467,80,11,0.0,87.3
2022-07-03 10:57:15.087540,34.1061465,-117.71195583333333,0.19948415401732572,6.171327147045053,80,14,0.0,89.4
2022-07-03 10:57:16.195142,34.106147666666665,-117.711957,0.0920696084652306,6.30105474476467,80,17,0.0,135.5
2022-07-03 10:57:17.302744,34.106147,-117.711959,-0.09206961080789004,6.226924689126982,80,3D,0.0,163.2
2022-07-03 10:57:18.363546,34.106147166666666,-117.71196033333334,-0.21482909344684972,6.245457202682742,80,54,0.0,168.0
2022-07-03 10:57:19.502348,34.1061485,-117.71196116666667,-0.29155376716787523,6.393717314665443,80,57,0.0,166.3
2022-07-03 10:57:20.594349,34.106147666666665,-117.71196066666667,-0.2455189629352599,6.30105474476467,80,54,0.0,166.3
2022-07-03 10:57:21.717551,34.10614666666667,-117.71196116666667,-0.29155376716787523,6.189859661308137,80,55,0.0,166.2
2022-07-03 10:57:22.825153,34.10614566666667,-117.71196116666667,-0.29155376716787523,6.078664577851604,80,56,0.0,166.3
2022-07-03 10:57:23.932755,34.1061445,-117.711961,-0.2762088324236701,5.948936979424663,80,57,0.0,166.2
2022-07-03 10:57:25.040357,34.1061425,-117.711961,-0.2762088324236701,5.726546811804273,80,59,0.0,166.2
2022-07-03 10:57:26.147959,34.1061405,-117.711961,-0.2762088324236701,5.504156644891206,80,5C,0.0,166.0
2022-07-03 10:57:27.255561,34.106140833333335,-117.71196066666667,-0.2455189629352599,5.5412216727100505,80,5F,0.0,166.2
2022-07-03 10:57:28.363163,34.10614,-117.71196,-0.18413922161578009,5.448559103516602,80,5F,0.0,166.2
2022-07-03 10:57:29.470765,34.1061385,-117.71196016666667,-0.19948415870264463,5.281766477270816,80,60,0.0,166.2
2022-07-03 10:57:30.578367,34.106137333333336,-117.711959,-0.09206961080789004,5.152038879551199,80,63,0.0,170.0
2022-07-03 10:57:31.670369,34.1061385,-117.71195883333333,-0.07672467606368494,5.281766477270816,80,68,0.0,185.6
2022-07-03 10:57:32.777971,34.1061375,-117.71195866666666,-0.06137974131947984,5.170571393814283,80,74,0.0,197.0
2022-07-03 10:57:33.885573,34.10613716666667,-117.711958,0.0,5.133506365995439,80,80,0.0,201.3
2022-07-03 10:57:34.993175,34.106137,-117.7119575,0.0460348042326153,5.11497385102503,80,84,0.0,201.8
2022-07-03 10:57:36.100777,34.1061365,-117.7119575,0.0460348042326153,5.059376309650426,80,85,0.0,197.3
2022-07-03 10:57:37.208379,34.106136666666664,-117.71195766666666,0.0306898694884102,5.077908823206186,80,82,0.0,198.1
2022-07-03 10:57:38.315981,34.106136666666664,-117.711957,0.0920696084652306,5.077908823206186,80,82,0.0,198.2
2022-07-03 10:57:39.423583,34.1061355,-117.71195666666667,0.12275948029630024,4.948181226193893,80,83,0.0,202.2
2022-07-03 10:57:40.531184,34.106135,-117.71195833333333,-0.03068987183106964,4.8925836841119645,80,88,0.0,214.1
2022-07-03 10:57:41.638786,34.10613683333333,-117.711963,-0.46034805403945017,5.09644133746927,80,93,0.0,246.3
2022-07-03 10:57:42.746388,34.1061375,-117.71196666666667,-0.7979366254399407,5.170571393814283,80,AA,0.0,275.9
2022-07-03 10:57:43.853990,34.10614016666667,-117.71196816666667,-0.936041040480446,5.467091617072362,80,C1,0.0,280.6
2022-07-03 10:57:44.961592,34.10614266666666,-117.71197416666666,-1.4884587029851268,5.745079325360033,80,BE,0.0,265.6
2022-07-03 10:57:46.069194,34.106141666666666,-117.71198066666666,-2.0869111720650824,5.633884241903499,80,A6,0.0,264.0
2022-07-03 10:57:47.176796,34.1061405,-117.71198816666667,-2.7774332496102683,5.504156644891206,80,9C,0.0,286.0
2022-07-03 10:57:48.284398,34.10614183333333,-117.71199266666666,-3.191746497074444,5.652416756166584,80,9E,0.0,319.2
2022-07-03 10:57:49.392000,34.10614183333333,-117.71199633333333,-3.5293350684749343,5.652416756166584,80,AC,0.0,338.0
2022-07-03 10:57:50.499602,34.10615266666667,-117.71200183333333,-4.035717926747,6.8570301634619835,80,B0,0.0,15.3
2022-07-03 10:57:51.607204,34.10615516666667,-117.71199983333334,-3.85157870513122,7.135017872456978,80,CC,0.0,42.8
2022-07-03 10:57:52.714806,34.10615683333333,-117.71199849999999,-3.7288192224922603,7.3203430115512,80,E9,0.0,60.6
2022-07-03 10:57:53.822408,34.106158666666666,-117.71199816666666,-3.69812935300385,7.5242006656158305,80,FB,0.0,98.7
2022-07-03 10:57:54.930010,34.10615716666667,-117.7119965,-3.5446800032191392,7.3574080400773685,80,0,0.0,119.2
2022-07-03 10:57:56.037612,34.10615283333333,-117.71199583333333,-3.483300264242319,6.875562677017744,80,0,0.0,131.7
2022-07-03 10:57:57.145214,34.10614966666667,-117.71199816666666,-3.69812935300385,6.52344491238506,80,2,0.0,149.6
2022-07-03 10:57:58.252816,34.10614833333333,-117.71200183333333,-4.035717926747,6.375184800402359,80,C,0.0,164.9
2022-07-03 10:57:59.344818,34.106144666666665,-117.71200416666667,-4.25054701785119,5.967469493687747,80,12,0.0,178.4
2022-07-03 10:58:00.452419,34.106142166666665,-117.71200433333334,-4.265891952595395,5.689481783985428,80,15,0.0,192.7
2022-07-03 10:58:01.560021,34.1061395,-117.71200583333334,-4.403996367635901,5.392961560727349,80,1D,0.0,202.3
2022-07-03 10:58:02.667623,34.106138,-117.71200616666667,-4.4346862371243105,5.226168935188888,80,1D,0.0,186.1
2022-07-03 10:58:03.775225,34.106136166666666,-117.71200516666667,-4.34261662865908,5.022311281831581,80,A,0.0,166.1
2022-07-03 10:58:04.882827,34.106134833333336,-117.71200516666667,-4.34261662865908,4.874051170556204,80,0,0.0,159.0
2022-07-03 10:58:05.990429,34.106136666666664,-117.712006,-4.419341302380105,5.077908823206186,80,0,0.0,163.3
2022-07-03 10:58:07.098031,34.10613166666667,-117.71200483333334,-4.311926756828011,4.521933405216196,80,0,0.0,150.5
2022-07-03 10:58:08.205633,34.106132833333334,-117.712006,-4.419341302380105,4.651661002935814,80,FF,0.0,124.8
2022-07-03 10:58:09.313235,34.106131,-117.71200633333333,-4.450031171868516,4.447803348871184,80,FE,0.0,99.5
2022-07-03 10:58:10.420837,34.106128,-117.71200866666666,-4.664860262972707,4.114218097794261,80,DF,0.0,94.4
2022-07-03 10:58:11.512839,34.106123833333335,-117.7120165,-5.386072212348962,3.650905249705044,80,CE,0.0,94.8
2022-07-03 10:58:12.620441,34.10612366666667,-117.71201983333333,-5.692970914261042,3.63237273544196,80,C5,0.0,94.7
2022-07-03 10:58:13.728043,34.10612066666667,-117.7120225,-5.938489874853643,3.2987874843650364,80,C6,0.0,94.8
2022-07-03 10:58:14.835645,34.106118,-117.712025,-6.168663900702038,3.0022672611069576,80,C2,0.0,94.7
2022-07-03 10:58:15.943247,34.106121333333334,-117.7120275,-6.398837926550434,3.3729175400027254,80,BE,0.0,94.7
2022-07-03 10:58:17.050849,34.10612183333333,-117.71202766666667,-6.414182863637298,3.4285150820846537,80,C5,0.0,94.7
2022-07-03 10:58:18.158451,34.10612066666667,-117.71202933333333,-6.567632213422008,3.2987874843650364,80,C6,0.0,94.8
2022-07-03 10:58:19.266053,34.10612016666666,-117.71202966666667,-6.5983220829104186,3.2431899415757837,80,C5,0.0,94.7
2022-07-03 10:58:20.373654,34.1061175,-117.71203033333333,-6.6597018242298995,2.946669719025029,80,C4,0.0,94.7
2022-07-03 10:58:21.450056,34.10611883333333,-117.71203033333333,-6.6597018242298995,3.0949298303004067,80,C0,0.0,95.1
2022-07-03 10:58:22.573258,34.1061195,-117.71203166666666,-6.782461304526199,3.169059885938095,80,C3,0.0,94.9
2022-07-03 10:58:23.680860,34.10611633333333,-117.71203283333334,-6.889875850078294,2.816942121305412,80,C4,0.0,94.8
2022-07-03 10:58:24.788462,34.1061195,-117.71203233333334,-6.843841045845679,3.169059885938095,80,C0,0.0,94.6
2022-07-03 10:58:25.896064,34.10612116666667,-117.71203183333333,-6.797806239270404,3.3543850264469652,80,C4,0.0,83.2
2022-07-03 10:58:27.003666,34.10612033333334,-117.71202666666667,-6.322113252829409,3.261722456546192,80,BC,0.0,77.7
2022-07-03 10:58:28.111268,34.10611983333333,-117.712019,-5.616246238197357,3.2061249137569394,80,B4,0.0,70.9
2022-07-03 10:58:29.218870,34.10611733333333,-117.71201033333334,-4.818309615100076,2.9281372047619447,80,A9,0.0,108.1
2022-07-03 10:58:30.326472,34.10611633333333,-117.7120005,-3.9129584464506992,2.816942121305412,80,BC,0.0,163.6
2022-07-03 10:58:31.434074,34.106114,-117.71199583333333,-3.483300264242319,2.5574869258661774,80,D7,0.0,183.6
2022-07-03 10:58:32.541676,34.106116,-117.71199133333333,-3.0689870167781437,2.7798770934865673,80,D9,0.0,193.0
2022-07-03 10:58:33.649278,34.106118333333335,-117.711989,-2.8541579256739533,3.039332288925802,80,D4,0.0,189.7
2022-07-03 10:58:34.756880,34.10612033333334,-117.7119865,-2.6239838974828986,3.261722456546192,80,C7,0.0,190.1
2022-07-03 10:58:35.864482,34.106124666666666,-117.71198483333333,-2.4705345476981884,3.7435678188984927,80,BB,0.0,189.7
2022-07-03 10:58:36.972084,34.106129833333334,-117.71198333333334,-2.3324301326576826,4.31807575185889,80,A4,0.0,189.9
2022-07-03 10:58:38.079686,34.106136166666666,-117.71198333333334,-2.3324301326576826,5.022311281831581,80,83,0.0,189.9
2022-07-03 10:58:39.187288,34.106138666666666,-117.71198316666667,-2.3170851979134777,5.300298990826576,80,64,0.0,189.8
2022-07-03 10:58:40.294889,34.106139666666664,-117.71198233333334,-2.2403605218497926,5.411494074283109,80,5D,0.0,189.8
2022-07-03 10:58:41.402491,34.10613883333333,-117.71198133333333,-2.1482909110419026,5.31883150508966,80,5C,0.0,189.6
2022-07-03 10:58:42.510093,34.10614016666667,-117.71198116666666,-2.1329459762976977,5.467091617072362,80,60,0.0,189.9
2022-07-03 10:58:43.617695,34.10614116666667,-117.71198016666666,-2.0408763654898077,5.578286700528895,80,5E,0.0,190.1
2022-07-03 10:58:44.725297,34.106145,-117.71198033333333,-2.0562213002340126,6.004534521506591,80,5E,0.0,188.6
2022-07-03 10:58:45.832899,34.1061455,-117.71197916666667,-1.9488067546819177,6.060132062881196,80,55,0.0,189.7
2022-07-03 10:58:46.909301,34.10614566666667,-117.7119775,-1.7953574048972072,6.078664577851604,80,58,0.0,190.1
2022-07-03 10:58:48.032503,34.10614566666667,-117.71197583333333,-1.6419080527698373,6.078664577851604,80,5B,0.0,189.8
2022-07-03 10:58:49.140105,34.10614483333333,-117.71197366666667,-1.4424238987525115,5.986002007243507,80,5D,0.0,195.9
2022-07-03 10:58:50.247707,34.10614416666667,-117.711972,-1.288974548967801,5.911871951605818,80,66,0.0,206.8
2022-07-03 10:58:51.355309,34.10614366666667,-117.71197133333334,-1.2275948076483212,5.856274410231213,80,73,0.0,208.9
2022-07-03 10:58:52.462911,34.10614433333333,-117.7119715,-1.2429397423925264,5.930404465868903,80,76,0.0,209.1
2022-07-03 10:58:53.570513,34.106145,-117.71197116666667,-1.2122498729041162,6.004534521506591,80,75,0.0,209.2
2022-07-03 10:58:54.678115,34.10614566666667,-117.71197183333334,-1.2736296118809365,6.078664577851604,80,75,0.0,209.0
2022-07-03 10:58:55.785717,34.106144666666665,-117.71197216666667,-1.3043194837120062,5.967469493687747,80,73,0.0,209.1
2022-07-03 10:58:56.893319,34.106144,-117.71197233333334,-1.3196644184562114,5.893339438050058,80,74,0.0,206.8
2022-07-03 10:58:58.000921,34.10614266666666,-117.71197283333333,-1.3656992226888265,5.745079325360033,80,73,0.0,202.3
2022-07-03 10:58:59.108522,34.1061415,-117.71197333333333,-1.4117340292641014,5.615351728347739,80,71,0.0,194.7
2022-07-03 10:59:00.216124,34.10614283333334,-117.71197333333333,-1.4117340292641014,5.763611840330441,80,6C,0.0,189.9
2022-07-03 10:59:01.323726,34.10614483333333,-117.71197366666667,-1.4424238987525115,5.986002007243507,80,65,0.0,187.0
2022-07-03 10:59:02.431328,34.106147,-117.711974,-1.4731137682409217,6.226924689126982,80,5F,0.0,183.4
2022-07-03 10:59:03.476530,34.106147,-117.711974,-1.4731137682409217,6.226924689126982,80,58,0.0,183.4
2022-07-03 10:59:04.630932,34.106151833333335,-117.71197833333333,-1.872082080960892,6.764367593561211,80,58,0.0,179.6
2022-07-03 10:59:05.738534,34.1061545,-117.71197933333333,-1.964151691768782,7.06088781681929,80,49,0.0,179.6
2022-07-03 10:59:06.846136,34.106154333333336,-117.71197966666666,-1.9948415612571924,7.0423553032635295,80,45,0.0,179.6
2022-07-03 10:59:07.953738,34.106155,-117.71198066666666,-2.0869111720650824,7.116485358901218,80,45,0.0,179.6
2022-07-03 10:59:09.061340,34.1061565,-117.71198216666667,-2.2250155871055877,7.283277983732356,80,43,0.0,180.2
2022-07-03 10:59:10.168942,34.106157,-117.71198283333334,-2.2863953284250673,7.338875526521608,80,41,0.0,192.4
2022-07-03 10:59:11.276544,34.10616,-117.71198366666667,-2.363120002146093,7.672460777598531,80,4A,0.0,207.0
2022-07-03 10:59:12.384146,34.1061605,-117.71198466666667,-2.455189612953983,7.728058318973136,80,55,0.0,207.5
2022-07-03 10:59:13.491748,34.1061635,-117.71198466666667,-2.455189612953983,8.061643570757383,80,54,0.0,210.6
2022-07-03 10:59:14.599350,34.10616566666667,-117.71198516666666,-2.5012244171865983,8.302566251933534,80,56,0.0,211.3
2022-07-03 10:59:15.706952,34.106167666666664,-117.711985,-2.4858794824423933,8.5249564188466,80,55,0.0,211.3
2022-07-03 10:59:16.814554,34.106167,-117.71198416666667,-2.4091548087213677,8.450826363208911,80,55,0.0,211.3
2022-07-03 10:59:17.922156,34.10616683333333,-117.71198383333333,-2.378464936890298,8.432293849653151,80,56,0.0,211.3
2022-07-03 10:59:19.029757,34.1061675,-117.7119845,-2.439844678209778,8.50642390529084,80,56,0.0,210.6
2022-07-03 10:59:20.137359,34.10616566666667,-117.71198333333334,-2.3324301326576826,8.302566251933534,80,55,0.0,210.9
2022-07-03 10:59:21.244961,34.106164166666666,-117.71198216666667,-2.2250155871055877,8.135773626395071,80,57,0.0,210.9
2022-07-03 10:59:22.352563,34.106164666666665,-117.71198216666667,-2.2250155871055877,8.191371167769677,80,58,0.0,210.8
2022-07-03 10:59:23.460165,34.106167,-117.71198133333333,-2.1482909110419026,8.450826363208911,80,58,0.0,211.0
2022-07-03 10:59:24.567767,34.10616666666667,-117.7119805,-2.071566234978218,8.413761335390067,80,58,0.0,211.1
2022-07-03 10:59:25.659769,34.106166,-117.71197966666666,-1.9948415612571924,8.339631279752378,80,5A,0.0,211.1
2022-07-03 10:59:26.767371,34.106165833333336,-117.7119795,-1.9794966265129872,8.321098766196618,80,5B,0.0,211.1
2022-07-03 10:59:27.874973,34.10616616666667,-117.71197883333333,-1.9181168851935073,8.358163794015462,80,5B,0.0,211.1
2022-07-03 10:59:28.935775,34.10616616666667,-117.71197883333333,-1.9181168851935073,8.358163794015462,80,5B,0.0,211.1
2022-07-03 10:59:30.090177,34.10616566666667,-117.71197733333334,-1.780012470153002,8.302566251933534,80,5B,0.0,211.0
2022-07-03 10:59:31.197779,34.106165833333336,-117.71197666666667,-1.7186327311761818,8.321098766196618,80,5D,0.0,211.0
2022-07-03 10:59:32.305381,34.10616616666667,-117.71197599999999,-1.6572529875140423,8.358163794015462,80,5E,0.0,211.0
2022-07-03 10:59:33.412983,34.106166,-117.71197566666666,-1.6265631180256321,8.339631279752378,80,5E,0.0,211.1
2022-07-03 10:59:34.520585,34.1061655,-117.71197566666666,-1.6265631180256321,8.284033738377774,80,5F,0.0,211.0
2022-07-03 10:59:35.628187,34.1061665,-117.71197616666667,-1.6725979246009068,8.395228821834307,80,5F,0.0,211.0
2022-07-03 10:59:36.720189,34.106166,-117.71197616666667,-1.6725979246009068,8.339631279752378,80,5E,0.0,211.2
2022-07-03 10:59:37.827790,34.106165833333336,-117.7119765,-1.7032877940893172,8.321098766196618,80,5E,0.0,211.2
2022-07-03 10:59:38.935392,34.10616616666667,-117.71197666666667,-1.7186327311761818,8.358163794015462,80,5E,0.0,211.2
2022-07-03 10:59:40.042994,34.1061665,-117.71197733333334,-1.780012470153002,8.395228821834307,80,5E,0.0,211.1
2022-07-03 10:59:41.119396,34.106166333333334,-117.7119775,-1.7953574048972072,8.376696307571223,80,5D,0.0,211.1
2022-07-03 10:59:42.242598,34.106166333333334,-117.7119775,-1.7953574048972072,8.376696307571223,80,5D,0.0,211.0
2022-07-03 10:59:43.350200,34.10616616666667,-117.711978,-1.8413922114724819,8.358163794015462,80,5D,0.0,211.2
2022-07-03 10:59:44.457802,34.106166333333334,-117.71197866666667,-1.9027719504493024,8.376696307571223,80,5C,0.0,211.1
2022-07-03 10:59:45.565404,34.106165833333336,-117.71197833333333,-1.872082080960892,8.321098766196618,80,5B,0.0,211.2
2022-07-03 10:59:46.673006,34.1061665,-117.71197833333333,-1.872082080960892,8.395228821834307,80,5C,0.0,219.6
2022-07-03 10:59:47.780608,34.106169,-117.7119765,-1.7032877940893172,8.6732165308293,80,63,0.0,230.1
2022-07-03 10:59:48.888210,34.10616866666667,-117.711968,-0.9206961057362409,8.636151503010456,80,6D,0.0,245.8
2022-07-03 10:59:49.995812,34.10616916666667,-117.711957,0.0920696084652306,8.691749045092386,80,82,0.0,267.0
2022-07-03 10:59:51.103414,34.106168333333336,-117.7119455,1.150870129241977,8.599086475191612,80,9D,0.0,244.9
2022-07-03 10:59:52.211016,34.1061665,-117.71193766666667,1.8720820762755732,8.395228821834307,80,91,0.0,220.6
2022-07-03 10:59:53.318618,34.10616383333333,-117.71193433333333,2.1789807781876536,8.098708598576227,80,81,0.0,204.9
2022-07-03 10:59:54.426220,34.106162166666664,-117.71193333333333,2.2710503889955436,7.913383458067358,80,76,0.0,203.2
2022-07-03 10:59:55.533822,34.1061615,-117.71193166666667,2.424499738780254,7.839253402429669,80,76,0.0,203.9
2022-07-03 10:59:56.641424,34.10615966666667,-117.71193116666667,2.4705345453555285,7.635395749779687,80,78,0.0,204.0
2022-07-03 10:59:57.749025,34.10615933333333,-117.7119305,2.5319142866750086,7.598330721253519,80,79,0.0,204.0
2022-07-03 10:59:58.856627,34.106157833333334,-117.71192983333333,2.593294025651829,7.431538095715057,80,7A,0.0,204.0
2022-07-03 10:59:59.964229,34.1061575,-117.7119295,2.6239838974828986,7.394473067896213,80,7B,0.0,204.0
2022-07-03 11:00:01.071831,34.106158,-117.71192883333333,2.685363636459719,7.450070609978141,80,7C,0.0,204.2
2022-07-03 11:00:02.179433,34.10615816666667,-117.7119285,2.716053505948129,7.468603123533901,80,7C,0.0,204.2
2022-07-03 11:00:03.287035,34.10615833333333,-117.711928,2.762088312523404,7.487135637796985,80,7C,0.0,204.2
2022-07-03 11:00:04.347837,34.10615833333333,-117.71192783333333,2.777433247267609,7.487135637796985,80,7C,0.0,204.2
2022-07-03 11:00:05.486639,34.10615816666667,-117.71192733333334,2.823468051500224,7.468603123533901,80,7C,0.0,204.2
2022-07-03 11:00:06.594241,34.106159,-117.711927,2.854157923331294,7.561265693434675,80,7C,0.0,203.9
2022-07-03 11:00:07.701843,34.10615833333333,-117.711927,2.854157923331294,7.487135637796985,80,7B,0.0,204.0
2022-07-03 11:00:08.809445,34.106158,-117.71192683333334,2.869502858075499,7.450070609978141,80,7C,0.0,204.2
2022-07-03 11:00:09.917047,34.106157833333334,-117.7119265,2.9001927275639092,7.431538095715057,80,7C,0.0,204.0
2022-07-03 11:00:11.024649,34.1061575,-117.71192633333334,2.915537662308114,7.394473067896213,80,7C,0.0,204.2
2022-07-03 11:00:12.132251,34.10615766666667,-117.71192583333334,2.9615724665407295,7.413005582159297,80,7D,0.0,204.2
2022-07-03 11:00:13.239853,34.10615766666667,-117.71192633333334,2.915537662308114,7.413005582159297,80,7D,0.0,204.0
2022-07-03 11:00:14.347455,34.106157333333336,-117.71192666666667,2.8848477928197043,7.375940554340453,80,7C,0.0,204.2
2022-07-03 11:00:15.455057,34.10615833333333,-117.7119265,2.9001927275639092,7.487135637796985,80,7D,0.0,204.1
2022-07-03 11:00:16.562659,34.1061575,-117.71192783333333,2.777433247267609,7.394473067896213,80,7C,0.0,204.2
2022-07-03 11:00:17.670260,34.10615583333333,-117.7119285,2.716053505948129,7.209147928094667,80,7C,0.0,204.1
2022-07-03 11:00:18.777862,34.106154333333336,-117.71192833333333,2.7313984430349936,7.0423553032635295,80,7D,0.0,204.1
2022-07-03 11:00:19.885464,34.10615383333333,-117.71192883333333,2.685363636459719,6.986757760474276,80,7E,0.0,204.1
2022-07-03 11:00:20.993066,34.1061535,-117.7119285,2.716053505948129,6.949692732655432,80,7F,0.0,204.1
2022-07-03 11:00:22.100668,34.106154,-117.71192816666667,2.746743377779199,7.005290274737361,80,7F,0.0,204.1
2022-07-03 11:00:23.208270,34.10615333333333,-117.711928,2.762088312523404,6.931160219099672,80,7F,0.0,204.0
2022-07-03 11:00:24.315872,34.106152333333334,-117.71192766666667,2.7927781820118143,6.819965135643139,80,7F,0.0,204.0
2022-07-03 11:00:25.423474,34.10615216666667,-117.7119275,2.808123116756019,6.801432621380055,80,80,0.0,204.1
2022-07-03 11:00:26.531076,34.10615166666667,-117.71192666666667,2.8848477928197043,6.745835080005451,80,80,0.0,204.0
2022-07-03 11:00:27.638678,34.106151,-117.71192666666667,2.8848477928197043,6.671705023660437,80,81,0.0,204.2
2022-07-03 11:00:28.746280,34.106151833333335,-117.71192633333334,2.915537662308114,6.764367593561211,80,82,0.0,204.0
2022-07-03 11:00:29.853882,34.106152,-117.71192683333334,2.869502858075499,6.782900107824295,80,81,0.0,204.1
2022-07-03 11:00:30.961484,34.106151833333335,-117.71192666666667,2.8848477928197043,6.764367593561211,80,81,0.0,204.2
2022-07-03 11:00:32.069086,34.106150666666665,-117.711927,2.854157923331294,6.634639995841593,80,81,0.0,204.2
2022-07-03 11:00:33.176688,34.10615033333333,-117.71192683333334,2.869502858075499,6.597574968022749,80,82,0.0,204.2
2022-07-03 11:00:34.284290,34.10614966666667,-117.71192683333334,2.869502858075499,6.52344491238506,80,82,0.0,204.1
2022-07-03 11:00:35.391892,34.10614966666667,-117.71192683333334,2.869502858075499,6.52344491238506,80,82,0.0,204.1
2022-07-03 11:00:36.499494,34.106148166666664,-117.711927,2.854157923331294,6.3566522861392745,80,82,0.0,204.1
2022-07-03 11:00:37.607095,34.106148166666664,-117.71192683333334,2.869502858075499,6.3566522861392745,80,84,0.0,204.1
2022-07-03 11:00:38.714697,34.1061485,-117.71192683333334,2.869502858075499,6.393717314665443,80,84,0.0,204.1
2022-07-03 11:00:39.822299,34.106148,-117.71192633333334,2.915537662308114,6.338119772583514,80,83,0.0,204.1
2022-07-03 11:00:40.929901,34.106147,-117.71192566666667,2.976917401284935,6.226924689126982,80,84,0.0,204.1
2022-07-03 11:00:42.037503,34.10614616666667,-117.71192533333334,3.0076072731160046,6.134262119226208,80,85,0.0,204.0
2022-07-03 11:00:43.145105,34.106146,-117.71192483333333,3.0536420796912793,6.115729605670448,80,86,0.0,204.2
2022-07-03 11:00:44.252707,34.106146333333335,-117.711924,3.1303667534123045,6.152794633489293,80,86,0.0,204.0
2022-07-03 11:00:45.360309,34.10614616666667,-117.71192316666666,3.2070914294759896,6.134262119226208,80,86,0.0,204.2
2022-07-03 11:00:46.467911,34.1061465,-117.71192233333333,3.2838161055396746,6.171327147045053,80,86,0.0,204.1
2022-07-03 11:00:47.575513,34.1061465,-117.71192083333334,3.4219205205801804,6.171327147045053,80,86,0.0,204.3
2022-07-03 11:00:48.683115,34.106145833333336,-117.71192,3.4986451943012056,6.097197091407364,80,86,0.0,204.1
2022-07-03 11:00:49.790717,34.10614483333333,-117.71191983333334,3.513990129045411,5.986002007243507,80,87,0.0,204.1
2022-07-03 11:00:50.898319,34.106145,-117.71191966666666,3.529335066132275,6.004534521506591,80,88,0.0,204.1
2022-07-03 11:00:52.005921,34.10614533333333,-117.71191966666666,3.529335066132275,6.0415995493254355,80,88,0.0,204.1
2022-07-03 11:00:53.113523,34.106145166666664,-117.71192,3.4986451943012056,6.023067035062351,80,87,0.0,204.1
2022-07-03 11:00:54.221125,34.10614433333333,-117.71192016666667,3.4833002595570006,5.930404465868903,80,87,0.0,204.0
2022-07-03 11:00:55.328727,34.106144,-117.71192033333334,3.4679553248127957,5.893339438050058,80,88,0.0,204.2
2022-07-03 11:00:56.436329,34.10614366666667,-117.71192033333334,3.4679553248127957,5.856274410231213,80,88,0.0,204.1
2022-07-03 11:00:57.543931,34.106143,-117.71192066666667,3.4372654553243853,5.782144354593525,80,89,0.0,204.2
2022-07-03 11:00:58.651532,34.106141,-117.71192116666667,3.39123064874911,5.559754186973135,80,89,0.0,204.1
2022-07-03 11:00:59.759134,34.10613983333333,-117.71192166666667,3.345195844516495,5.430026588546194,80,8B,0.0,203.9
2022-07-03 11:01:00.866736,34.106139166666665,-117.71192266666667,3.253126233708605,5.355896532908504,80,8B,0.0,204.1
2022-07-03 11:01:01.974338,34.106137833333335,-117.7119235,3.1764015599875792,5.2076364216331275,80,8C,0.0,204.1
2022-07-03 11:01:03.081940,34.106136166666666,-117.71192466666666,3.0689870144354843,5.022311281831581,80,8D,0.0,204.1
2022-07-03 11:01:04.189542,34.10613516666667,-117.7119255,2.9922623383717992,4.911116198375049,80,8E,0.0,204.0
2022-07-03 11:01:05.297144,34.1061345,-117.71192633333334,2.915537662308114,4.836986142737359,80,8F,0.0,204.1
2022-07-03 11:01:06.404746,34.106134,-117.71192716666667,2.8388129862444296,4.781388599948107,80,90,0.0,204.2
2022-07-03 11:01:07.481148,34.106131833333336,-117.711929,2.670018701715514,4.5404659194792805,80,90,0.0,204.3
2022-07-03 11:01:08.604350,34.106131833333336,-117.71192966666666,2.6086389627386937,4.5404659194792805,80,92,0.0,204.2
2022-07-03 11:01:09.711952,34.106132833333334,-117.71193,2.577949090907624,4.651661002935814,80,92,0.0,204.1
2022-07-03 11:01:10.772754,34.106131833333336,-117.71193,2.577949090907624,4.5404659194792805,80,91,0.0,204.2
2022-07-03 11:01:11.911556,34.106131166666664,-117.7119305,2.5319142866750086,4.466335863134268,80,92,0.0,204.2
2022-07-03 11:01:13.019158,34.10613083333333,-117.71193066666666,2.5165693519308037,4.429270835315424,80,93,0.0,204.0
2022-07-03 11:01:14.126760,34.1061305,-117.711931,2.485879480099734,4.3922058074965795,80,93,0.0,204.1
2022-07-03 11:01:15.234362,34.106129833333334,-117.71193116666667,2.4705345453555285,4.31807575185889,80,93,0.0,204.1
2022-07-03 11:01:16.341964,34.1061285,-117.711931,2.485879480099734,4.169815639876189,80,94,0.0,204.1
2022-07-03 11:01:17.449565,34.10612716666667,-117.71193066666666,2.5165693519308037,4.021555528600811,80,95,0.0,204.2
2022-07-03 11:01:18.557167,34.1061265,-117.711931,2.485879480099734,3.947425472963123,80,96,0.0,204.2
2022-07-03 11:01:19.664769,34.1061265,-117.711931,2.485879480099734,3.947425472963123,80,97,0.0,204.0
2022-07-03 11:01:20.756771,34.10612616666667,-117.71193083333333,2.5012244171865983,3.9103604451442786,80,97,0.0,204.2
2022-07-03 11:01:21.864373,34.106126333333336,-117.71193066666666,2.5165693519308037,3.9288929587000387,80,97,0.0,204.2
2022-07-03 11:01:22.971975,34.10612666666667,-117.7119305,2.5319142866750086,3.965957986518883,80,97,0.0,204.1
2022-07-03 11:01:24.079577,34.1061265,-117.71193016666666,2.562604156163419,3.947425472963123,80,97,0.0,204.1
2022-07-03 11:01:25.171579,34.106126333333336,-117.71192983333333,2.593294025651829,3.9288929587000387,80,97,0.0,204.1
2022-07-03 11:01:26.279181,34.10612666666667,-117.71192933333333,2.6393288322271036,3.965957986518883,80,97,0.0,204.1
2022-07-03 11:01:27.386783,34.10612716666667,-117.7119295,2.6239838974828986,4.021555528600811,80,97,0.0,204.1
2022-07-03 11:01:28.494385,34.106128166666664,-117.71192983333333,2.593294025651829,4.132750612057345,80,96,0.0,204.1
2022-07-03 11:01:29.601987,34.10612883333334,-117.71192983333333,2.593294025651829,4.206880668402357,80,95,0.0,204.1
2022-07-03 11:01:30.709589,34.10612916666667,-117.71192983333333,2.593294025651829,4.243945696221202,80,95,0.0,204.1
2022-07-03 11:01:31.817191,34.10613016666667,-117.71192966666666,2.6086389627386937,4.355140779677735,80,94,0.0,204.1
2022-07-03 11:01:32.924793,34.10613133333333,-117.71192933333333,2.6393288322271036,4.484868376690028,80,93,0.0,204.1
2022-07-03 11:01:34.032395,34.10613266666667,-117.7119295,2.6239838974828986,4.63312848867273,80,92,0.0,204.0
2022-07-03 11:01:35.139997,34.10613266666667,-117.71192933333333,2.6393288322271036,4.63312848867273,80,91,0.0,204.1
2022-07-03 11:01:36.247598,34.106133166666666,-117.71192883333333,2.685363636459719,4.688726030754658,80,91,0.0,204.2
2022-07-03 11:01:37.355200,34.1061345,-117.71192833333333,2.7313984430349936,4.836986142737359,80,91,0.0,203.9
2022-07-03 11:01:38.462802,34.10613566666667,-117.711928,2.762088312523404,4.966713739749653,80,8F,0.0,204.1
2022-07-03 11:01:39.570404,34.106137,-117.711928,2.762088312523404,5.11497385102503,80,8E,0.0,204.2
2022-07-03 11:01:40.678006,34.1061385,-117.71192766666667,2.7927781820118143,5.281766477270816,80,8D,0.0,204.1
2022-07-03 11:01:41.785608,34.106138333333334,-117.7119275,2.808123116756019,5.263233963007732,80,8C,0.0,203.9
2022-07-03 11:01:42.893210,34.106137833333335,-117.71192733333334,2.823468051500224,5.2076364216331275,80,8C,0.0,205.1
2022-07-03 11:01:44.000812,34.10613516666667,-117.7119285,2.716053505948129,4.911116198375049,80,8D,0.0,217.1
2022-07-03 11:01:45.108414,34.10613266666667,-117.71193166666667,2.424499738780254,4.63312848867273,80,9A,0.0,232.7
2022-07-03 11:01:46.216016,34.10613266666667,-117.711935,2.1176010392108333,4.63312848867273,80,AA,0.0,262.5
2022-07-03 11:01:47.323618,34.10613416666666,-117.7119345,2.1636358434434486,4.799921114211191,80,C4,0.0,314.7
2022-07-03 11:01:48.431220,34.10613333333333,-117.71193333333333,2.2710503889955436,4.7072585443104185,80,F0,0.0,333.3
2022-07-03 11:01:49.538822,34.106134,-117.71193233333334,2.3631199998034336,4.781388599948107,80,FF,0.0,334.3
2022-07-03 11:01:50.646424,34.106134833333336,-117.71193216666667,2.3784649345476385,4.874051170556204,80,FF,0.0,329.3
2022-07-03 11:01:51.754026,34.1061345,-117.711932,2.393809869291844,4.836986142737359,80,FC,0.0,331.1
2022-07-03 11:01:52.861628,34.106134833333336,-117.7119315,2.4398446758671186,4.874051170556204,80,FE,0.0,330.8
2022-07-03 11:01:53.969230,34.106135333333334,-117.71193133333334,2.4551896106113236,4.929648711930809,80,FD,0.0,331.1
2022-07-03 11:01:55.076832,34.106136166666666,-117.71193083333333,2.5012244171865983,5.022311281831581,80,FD,0.0,331.2
2022-07-03 11:01:56.184434,34.10613633333333,-117.7119305,2.5319142866750086,5.0408437953873415,80,FD,0.0,331.1
2022-07-03 11:01:57.292035,34.106135333333334,-117.7119305,2.5319142866750086,4.929648711930809,80,FC,0.0,331.4
2022-07-03 11:01:58.399637,34.106135,-117.7119305,2.5319142866750086,4.8925836841119645,80,FE,0.0,334.1
2022-07-03 11:01:59.476039,34.10613433333333,-117.71192966666666,2.6086389627386937,4.818453627766951,80,FF,0.0,332.1
2022-07-03 11:02:00.614841,34.106134833333336,-117.71192933333333,2.6393288322271036,4.874051170556204,80,FF,0.0,332.8
2022-07-03 11:02:01.706843,34.106134833333336,-117.71192883333333,2.685363636459719,4.874051170556204,80,FF,0.0,332.1
2022-07-03 11:02:02.767645,34.106135,-117.711928,2.762088312523404,4.8925836841119645,80,FF,0.0,331.6
2022-07-03 11:02:03.906447,34.10613516666667,-117.71192716666667,2.8388129862444296,4.911116198375049,80,FE,0.0,332.1
2022-07-03 11:02:05.014049,34.106135333333334,-117.7119265,2.9001927275639092,4.929648711930809,80,FF,0.0,331.7
2022-07-03 11:02:06.121651,34.106136166666666,-117.71192566666667,2.976917401284935,5.022311281831581,80,FE,0.0,332.0
2022-07-03 11:02:07.229253,34.1061365,-117.71192483333333,3.0536420796912793,5.059376309650426,80,FE,0.0,331.8
2022-07-03 11:02:08.336855,34.10613683333333,-117.7119235,3.1764015599875792,5.09644133746927,80,FD,0.0,331.9
2022-07-03 11:02:09.444457,34.106136166666666,-117.71192283333333,3.2377812989644,5.022311281831581,80,FD,0.0,332.1
2022-07-03 11:02:10.552059,34.106134,-117.71192266666667,3.253126233708605,4.781388599948107,80,FE,0.0,332.0
2022-07-03 11:02:11.659661,34.106134,-117.71192233333333,3.2838161055396746,4.781388599948107,80,FF,0.0,332.0
2022-07-03 11:02:12.720463,34.106134,-117.71192233333333,3.2838161055396746,4.781388599948107,80,FF,0.0,331.8
2022-07-03 11:02:13.874865,34.10613383333333,-117.71192183333334,3.32985090977229,4.762856086392347,80,FF,0.0,331.8
2022-07-03 11:02:14.982467,34.106133,-117.71192133333334,3.3758857140049052,4.670193516491574,80,FF,0.0,332.0
2022-07-03 11:02:16.090068,34.1061335,-117.71192133333334,3.3758857140049052,4.725791058573503,80,FF,0.0,331.8
2022-07-03 11:02:17.197670,34.10613383333333,-117.711921,3.406575585835975,4.762856086392347,80,FF,0.0,331.7
2022-07-03 11:02:18.305272,34.10613516666667,-117.71192133333334,3.3758857140049052,4.911116198375049,80,FF,0.0,332.0
2022-07-03 11:02:19.397274,34.106136666666664,-117.711922,3.3145059750280845,5.077908823206186,80,FF,0.0,331.7
2022-07-03 11:02:20.504876,34.106137833333335,-117.7119205,3.4526103900685903,5.2076364216331275,80,FD,0.0,331.6
2022-07-03 11:02:21.612478,34.106137333333336,-117.71191966666666,3.529335066132275,5.152038879551199,80,FC,0.0,331.7
2022-07-03 11:02:22.720080,34.1061365,-117.71191883333333,3.6060597421959595,5.059376309650426,80,FD,0.0,331.8
2022-07-03 11:02:23.827682,34.106135333333334,-117.71191783333333,3.69812935066119,4.929648711930809,80,FE,0.0,331.9
2022-07-03 11:02:24.935284,34.10613466666667,-117.71191716666667,3.75950909198067,4.855518656293119,80,FF,0.0,332.0
2022-07-03 11:02:25.980486,34.10613466666667,-117.71191716666667,3.75950909198067,4.855518656293119,80,FF,0.0,332.0
2022-07-03 11:02:27.166088,34.10613383333333,-117.71191583333334,3.882268572276971,4.762856086392347,80,FF,0.0,331.8
2022-07-03 11:02:28.211290,34.10613383333333,-117.71191583333334,3.882268572276971,4.762856086392347,80,FF,0.0,331.8
2022-07-03 11:02:29.365692,34.106132333333335,-117.711914,4.051062859148545,4.596063460853886,80,FF,0.0,331.8
2022-07-03 11:02:30.473294,34.106132,-117.71191366666666,4.081752728636955,4.558998433035041,80,FF,0.0,331.6
2022-07-03 11:02:31.580896,34.10613,-117.711913,4.143132469956436,4.33660826541465,80,FF,0.0,331.9
2022-07-03 11:02:32.688498,34.106129,-117.7119125,4.189167274189051,4.2254131819581175,80,FF,0.0,331.7
2022-07-03 11:02:33.796100,34.10612866666666,-117.71191233333333,4.204512208933256,4.188348153431949,80,FF,0.0,331.9
2022-07-03 11:02:34.888101,34.106128166666664,-117.71191183333333,4.250547013165871,4.132750612057345,80,FF,0.0,331.9
2022-07-03 11:02:35.995703,34.10612733333333,-117.71191133333333,4.296581819741147,4.0400880421565715,80,FF,0.0,331.9
2022-07-03 11:02:37.103305,34.106126833333335,-117.711911,4.327271689229557,3.984490500781967,80,FF,0.0,331.7
2022-07-03 11:02:38.164107,34.10612716666667,-117.7119105,4.373306493462172,4.021555528600811,80,FF,0.0,331.8
2022-07-03 11:02:39.302909,34.10612666666667,-117.71191016666667,4.403996365293241,3.965957986518883,80,FF,0.0,332.1
2022-07-03 11:02:40.394911,34.10612616666667,-117.7119105,4.373306493462172,3.9103604451442786,80,FF,0.0,331.8
2022-07-03 11:02:41.518113,34.1061255,-117.71191133333333,4.296581819741147,3.8362303887992657,80,FF,0.0,331.9
2022-07-03 11:02:42.625715,34.10612533333333,-117.7119115,4.281236884996941,3.8176978745361816,80,FF,0.0,332.0
2022-07-03 11:02:43.733317,34.106125,-117.711912,4.235202078421667,3.7806328467173373,80,FF,0.0,332.0
2022-07-03 11:02:44.840919,34.10612416666667,-117.71191183333333,4.250547013165871,3.6879702775238883,80,FF,0.0,331.9
2022-07-03 11:02:45.948521,34.1061235,-117.71191183333333,4.250547013165871,3.6138402218862,80,FF,0.0,331.9
2022-07-03 11:02:47.056123,34.106122666666664,-117.71191116666667,4.311926754485351,3.521177651278103,80,FF,0.0,331.8
2022-07-03 11:02:48.163725,34.10612183333333,-117.71191066666667,4.3579615587179665,3.4285150820846537,80,FF,0.0,331.7
2022-07-03 11:02:49.271327,34.10612183333333,-117.711911,4.327271689229557,3.4285150820846537,80,FF,0.0,347.3
2022-07-03 11:02:50.378929,34.10612116666667,-117.71191083333333,4.342616623973762,3.3543850264469652,80,FF,0.0,14.5
2022-07-03 11:02:51.439731,34.106120833333335,-117.71190983333334,4.434686234781651,3.317319998628121,80,0,0.0,36.6
2022-07-03 11:02:52.578533,34.10612033333334,-117.71190933333334,4.480721039014266,3.261722456546192,80,8,0.0,25.8
2022-07-03 11:02:53.686135,34.1061195,-117.71190983333334,4.434686234781651,3.169059885938095,80,0,0.0,29.3
2022-07-03 11:02:54.793736,34.10611866666667,-117.71190966666667,4.4500311695258565,3.0763973167446466,80,3,0.0,29.6
2022-07-03 11:02:55.901338,34.1061205,-117.71190916666667,4.496065973758472,3.2802549708092763,80,4,0.0,29.6
2022-07-03 11:02:57.008940,34.10612316666667,-117.71190983333334,4.434686234781651,3.5767751940673556,80,2,0.0,29.7
2022-07-03 11:02:58.116542,34.10612316666667,-117.71191016666667,4.403996365293241,3.5767751940673556,80,1,0.0,29.5
2022-07-03 11:02:59.224144,34.1061215,-117.71191033333334,4.388651430549036,3.3914500542658095,80,0,0.0,29.6
2022-07-03 11:03:00.331746,34.106118,-117.71190933333334,4.480721039014266,3.0022672611069576,80,2,0.0,29.5
2022-07-03 11:03:01.376948,34.106118,-117.71190933333334,4.480721039014266,3.0022672611069576,80,4,0.0,29.5
2022-07-03 11:03:02.531350,34.106115833333334,-117.71190766666666,4.6341703911416365,2.761344579223483,80,4,0.0,29.5
2022-07-03 11:03:03.638952,34.10611383333333,-117.71190183333333,5.171243118902113,2.538954411603093,80,5,0.0,29.6
2022-07-03 11:03:04.746554,34.106114166666664,-117.71190033333333,5.309347533942618,2.5760194394219376,80,6,0.0,26.9
2022-07-03 11:03:05.854156,34.10611183333334,-117.71189583333333,5.723660781406793,2.316564244690027,80,3,0.0,17.3
2022-07-03 11:03:06.961758,34.10611083333333,-117.711893,5.9845246767435984,2.20536916052617,80,0,0.0,1.3
2022-07-03 11:03:08.069360,34.10610833333333,-117.71188816666667,6.4295277936961845,1.9273814515311751,80,0,0.0,354.2
2022-07-03 11:03:09.176962,34.10610766666667,-117.71188783333334,6.460217665527255,1.8532513958934862,80,0,0.0,355.5
2022-07-03 11:03:10.284564,34.106108666666664,-117.71188783333334,6.460217665527255,1.9644464793500194,80,0,0.0,355.8
2022-07-03 11:03:11.392166,34.106108166666665,-117.711886,6.629011950056169,1.9088489372680908,80,0,0.0,355.7
2022-07-03 11:03:12.499768,34.10610633333334,-117.711889,6.3528031199751585,1.7049912846181088,80,0,0.0,355.6
2022-07-03 11:03:13.607369,34.10610483333333,-117.7118895,6.306768313399884,1.5381986583723233,80,0,0.0,355.9
2022-07-03 11:03:14.714971,34.106102666666665,-117.711889,6.3528031199751585,1.2972759771961728,80,0,0.0,355.6
2022-07-03 11:03:15.822573,34.106102166666666,-117.711889,6.3528031199751585,1.2416784351142442,80,0,0.0,350.3
2022-07-03 11:03:16.914575,34.10610283333333,-117.71188816666667,6.4295277936961845,1.315808490751933,80,0,0.0,3.7
2022-07-03 11:03:18.022177,34.10610333333333,-117.71188783333334,6.460217665527255,1.3714060328338615,80,0,0.0,3.8
2022-07-03 11:03:19.129779,34.10610366666667,-117.71188766666667,6.475562600271459,1.40847106136003,80,0,0.0,3.4
2022-07-03 11:03:20.237381,34.10610333333333,-117.71188733333334,6.50625246975987,1.3714060328338615,80,0,0.0,3.6
2022-07-03 11:03:21.344983,34.106103166666664,-117.71188766666667,6.475562600271459,1.3528735185707772,80,0,0.0,3.3
2022-07-03 11:03:22.452585,34.106102166666666,-117.711887,6.53694233924828,1.2416784351142442,80,0,0.0,3.3
2022-07-03 11:03:23.560187,34.1061025,-117.71188666666667,6.56763220873669,1.2787434629330887,80,0,0.0,0.2
2022-07-03 11:03:24.667789,34.106102666666665,-117.71188683333334,6.5522872739924845,1.2972759771961728,80,0,0.0,3.1
2022-07-03 11:03:25.775391,34.106103,-117.711887,6.53694233924828,1.334341005015017,80,0,0.0,2.0
2022-07-03 11:03:26.882993,34.106103,-117.71188683333334,6.5522872739924845,1.334341005015017,80,0,0.0,2.2
2022-07-03 11:03:27.990595,34.10610233333333,-117.71188616666667,6.6136670153119645,1.2602109493773286,80,0,0.0,1.7
2022-07-03 11:03:29.098197,34.1061025,-117.71188633333334,6.598322080567759,1.2787434629330887,80,0,0.0,1.9
2022-07-03 11:03:30.205799,34.1061025,-117.71188666666667,6.56763220873669,1.2787434629330887,80,0,0.0,2.3
2022-07-03 11:03:31.313401,34.106102166666666,-117.7118865,6.582977145823554,1.2416784351142442,80,0,0.0,2.0
2022-07-03 11:03:32.405403,34.106102166666666,-117.711886,6.629011950056169,1.2416784351142442,80,0,0.0,1.9
2022-07-03 11:03:33.528604,34.106101833333334,-117.7118855,6.675046756631444,1.2046134072953998,80,0,0.0,2.1
2022-07-03 11:03:34.620606,34.10610233333333,-117.71188616666667,6.6136670153119645,1.2602109493773286,80,0,0.0,1.8
2022-07-03 11:03:35.728208,34.10610283333333,-117.71188616666667,6.6136670153119645,1.315808490751933,80,0,0.0,2.3
2022-07-03 11:03:36.820210,34.1061035,-117.71188583333333,6.644356887143034,1.3899385470969459,80,0,0.0,2.1
2022-07-03 11:03:37.927812,34.1061035,-117.7118855,6.675046756631444,1.3899385470969459,80,0,0.0,1.6
2022-07-03 11:03:39.035414,34.10610333333333,-117.7118855,6.675046756631444,1.3714060328338615,80,0,0.0,1.8
2022-07-03 11:03:40.143016,34.106104,-117.7118865,6.582977145823554,1.4455360891788742,80,0,0.0,1.7
2022-07-03 11:03:41.250618,34.106104333333334,-117.71188666666667,6.56763220873669,1.4826011169977187,80,0,0.0,2.2
2022-07-03 11:03:42.342620,34.1061045,-117.71188766666667,6.475562600271459,1.5011336305534788,80,0,0.0,2.0
2022-07-03 11:03:43.450222,34.106104333333334,-117.71188883333333,6.368148054719364,1.4826011169977187,80,0,0.0,2.1
2022-07-03 11:03:44.557824,34.10610533333333,-117.71188983333333,6.276078443911474,1.5937962004542516,80,0,0.0,2.0
2022-07-03 11:03:45.665426,34.10610633333334,-117.71189116666666,6.153318963615174,1.7049912846181088,80,0,0.0,1.4
2022-07-03 11:03:46.757428,34.106106833333335,-117.71189233333334,6.0459044180630785,1.7605888259927134,80,0,0.0,1.4
2022-07-03 11:03:47.865030,34.10610716666667,-117.7118935,5.938489872510983,1.7976538538115578,80,0,0.0,1.8
2022-07-03 11:03:48.972632,34.106108166666665,-117.71189533333333,5.7696955856394085,1.9088489372680908,80,0,0.0,356.5
2022-07-03 11:03:50.080234,34.106109333333336,-117.7118965,5.6622810424299725,2.0385765356950323,80,0,0.0,8.3
2022-07-03 11:03:51.187836,34.106109833333335,-117.71189816666667,5.5088316903026024,2.0941740770696367,80,0,0.0,6.5
2022-07-03 11:03:52.295437,34.106110666666666,-117.71189983333333,5.355382340517892,2.1868366469704097,80,0,0.0,3.0
2022-07-03 11:03:53.403039,34.10611133333333,-117.71190166666666,5.186588053646318,2.260966702608098,80,0,0.0,3.0
2022-07-03 11:03:54.510641,34.106114166666664,-117.71190583333333,4.802964678013211,2.5760194394219376,80,0,0.0,2.5
2022-07-03 11:03:55.618243,34.1061155,-117.71190833333333,4.572790652164816,2.724279551404639,80,0,0.0,2.4
2022-07-03 11:03:56.725845,34.106117,-117.71191,4.419341300037447,2.8910721769431005,80,0,0.0,3.2
2022-07-03 11:03:57.833447,34.106117833333336,-117.71191083333333,4.342616623973762,2.9837347468438735,80,0,0.0,3.1
2022-07-03 11:03:58.941049,34.10611766666667,-117.7119115,4.281236884996941,2.9652022332881134,80,0,0.0,2.8
2022-07-03 11:04:00.048651,34.106117833333336,-117.711912,4.235202078421667,2.9837347468438735,80,0,0.0,2.5
2022-07-03 11:04:01.156253,34.106119166666666,-117.71191216666666,4.219857143677461,3.131994858119251,80,0,0.0,3.0
2022-07-03 11:04:02.263855,34.10612,-117.71191233333333,4.204512208933256,3.2246574280200235,80,0,0.0,2.6
2022-07-03 11:04:03.371457,34.10612,-117.71191266666666,4.173822339444846,3.2246574280200235,80,0,0.0,2.9
2022-07-03 11:04:04.479059,34.10611933333333,-117.71191283333333,4.1584774047006405,3.150527372382335,80,0,0.0,2.9
2022-07-03 11:04:05.586661,34.10611883333333,-117.71191333333333,4.112442598125366,3.0949298303004067,80,0,0.0,2.8
2022-07-03 11:04:06.694263,34.106119,-117.711913,4.143132469956436,3.113462344563491,80,0,0.0,2.8
2022-07-03 11:04:07.801865,34.10611866666667,-117.71191316666666,4.12778753286957,3.0763973167446466,80,0,0.0,2.9
2022-07-03 11:04:08.909467,34.10611933333333,-117.71191316666666,4.12778753286957,3.150527372382335,80,0,0.0,2.6
2022-07-03 11:04:10.017069,34.106119666666665,-117.71191383333333,4.0664077938927505,3.1875924002011793,80,0,0.0,2.7
2022-07-03 11:04:11.124671,34.106120833333335,-117.71191433333334,4.020372987317476,3.317319998628121,80,0,0.0,3.0
2022-07-03 11:04:12.216672,34.106122166666665,-117.71191533333334,3.9283033765095863,3.465580109903498,80,0,0.0,3.0
2022-07-03 11:04:13.324274,34.106122166666665,-117.71191583333334,3.882268572276971,3.465580109903498,80,0,0.0,2.6
2022-07-03 11:04:14.431876,34.106122,-117.711916,3.866923637532766,3.447047595640414,80,0,0.0,2.3
2022-07-03 11:04:15.539478,34.10612116666667,-117.711917,3.7748540267248756,3.3543850264469652,80,0,0.0,2.7
2022-07-03 11:04:16.647080,34.106121,-117.71191733333333,3.7441641572364652,3.335852512183881,80,0,0.0,1.0
2022-07-03 11:04:17.754682,34.106121,-117.71191766666666,3.713474287748055,3.335852512183881,80,0,0.0,3.0
2022-07-03 11:04:18.862284,34.106121333333334,-117.71191783333333,3.69812935066119,3.3729175400027254,80,0,0.0,3.2
2022-07-03 11:04:19.969886,34.10612183333333,-117.71191783333333,3.69812935066119,3.4285150820846537,80,0,0.0,3.1
2022-07-03 11:04:21.077488,34.10612366666667,-117.71191733333333,3.7441641572364652,3.63237273544196,80,0,0.0,3.2
2022-07-03 11:04:22.185090,34.1061245,-117.71191633333333,3.8362337680443557,3.7250353053427325,80,0,0.0,3.1
2022-07-03 11:04:23.292692,34.10612416666667,-117.7119155,3.9129584417653813,3.6879702775238883,80,0,0.0,3.0
2022-07-03 11:04:24.400294,34.106124,-117.71191533333334,3.9283033765095863,3.669437763260804,80,0,0.0,3.3
2022-07-03 11:04:25.507896,34.106123333333336,-117.71191533333334,3.9283033765095863,3.5953077076231157,80,0,0.0,3.4
2022-07-03 11:04:26.615498,34.10612316666667,-117.71191516666667,3.9436483112537912,3.5767751940673556,80,0,0.0,3.1
2022-07-03 11:04:27.723100,34.10612283333333,-117.71191516666667,3.9436483112537912,3.539710165541187,80,0,0.0,3.1
2022-07-03 11:04:28.830702,34.1061225,-117.71191566666667,3.897613507021176,3.5026451377223426,80,0,0.0,3.0
2022-07-03 11:04:29.938304,34.106122166666665,-117.711916,3.866923637532766,3.465580109903498,80,0,0.0,3.1
2022-07-03 11:04:31.045906,34.106121333333334,-117.71191666666667,3.8055438962132855,3.3729175400027254,80,0,0.0,3.0
2022-07-03 11:04:32.153507,34.10612033333334,-117.711917,3.7748540267248756,3.261722456546192,80,0,0.0,3.0
2022-07-03 11:04:33.261109,34.10612166666667,-117.711917,3.7748540267248756,3.4099825678215696,80,0,0.0,2.9
2022-07-03 11:04:34.353111,34.106122666666664,-117.7119165,3.820888830957491,3.521177651278103,80,0,0.0,3.2
2022-07-03 11:04:35.460713,34.106123333333336,-117.71191583333334,3.882268572276971,3.5953077076231157,80,0,0.0,3.2
2022-07-03 11:04:36.568315,34.10612416666667,-117.7119145,4.00502805257327,3.6879702775238883,80,0,0.0,2.9
2022-07-03 11:04:37.675917,34.1061255,-117.71191383333333,4.0664077938927505,3.8362303887992657,80,0,0.0,3.1
2022-07-03 11:04:38.783519,34.1061275,-117.71191333333333,4.112442598125366,4.0586205564196565,80,0,0.0,3.1
2022-07-03 11:04:39.891121,34.10612866666666,-117.7119125,4.189167274189051,4.188348153431949,80,0,0.0,2.9
2022-07-03 11:04:40.998723,34.1061295,-117.71191216666666,4.219857143677461,4.281010724040046,80,0,0.0,3.4
2022-07-03 11:04:42.106325,34.1061305,-117.71191166666667,4.265891950252736,4.3922058074965795,80,0,0.0,3.0
2022-07-03 11:04:43.213927,34.1061315,-117.711911,4.327271689229557,4.503400890953112,80,0,0.0,3.3
2022-07-03 11:04:44.321529,34.106131833333336,-117.7119105,4.373306493462172,4.5404659194792805,80,0,0.0,2.8
2022-07-03 11:04:45.429131,34.10613333333333,-117.71191,4.419341300037447,4.7072585443104185,80,0,0.0,3.2
2022-07-03 11:04:46.521133,34.10613566666667,-117.711909,4.511410910845336,4.966713739749653,80,FF,0.0,3.2
2022-07-03 11:04:47.597535,34.10613716666667,-117.71190883333334,4.526755845589541,5.133506365995439,80,FF,0.0,3.2
2022-07-03 11:04:48.720737,34.106138666666666,-117.7119085,4.557445715077951,5.300298990826576,80,FF,0.0,3.4
2022-07-03 11:04:49.828338,34.10614016666667,-117.71190783333333,4.618825456397431,5.467091617072362,80,FF,0.0,3.2
2022-07-03 11:04:50.935940,34.10614133333333,-117.71190766666666,4.6341703911416365,5.596819214084655,80,FF,0.0,3.2
2022-07-03 11:04:52.043542,34.106144,-117.71190733333333,4.664860260630046,5.893339438050058,80,FF,0.0,3.3
2022-07-03 11:04:53.151144,34.10614316666667,-117.71190783333333,4.618825456397431,5.800676868149285,80,FF,0.0,3.4
2022-07-03 11:04:54.258746,34.10614266666666,-117.71190833333333,4.572790652164816,5.745079325360033,80,FF,0.0,3.1
2022-07-03 11:04:55.366348,34.106142166666665,-117.711909,4.511410910845336,5.689481783985428,80,FF,0.0,3.2
2022-07-03 11:04:56.473950,34.106142166666665,-117.7119095,4.465376104270062,5.689481783985428,80,FF,0.0,3.3
2022-07-03 11:04:57.581552,34.1061435,-117.71190933333334,4.480721039014266,5.837741895968129,80,FF,0.0,3.3
2022-07-03 11:04:58.689154,34.1061435,-117.71190933333334,4.480721039014266,5.837741895968129,80,FF,0.0,3.1
2022-07-03 11:04:59.796756,34.106143833333334,-117.711909,4.511410910845336,5.874806923786974,80,FF,0.0,3.0
2022-07-03 11:05:00.904358,34.10614416666667,-117.71190866666667,4.5421007803337465,5.911871951605818,80,FF,0.0,3.1
2022-07-03 11:05:02.011960,34.10614366666667,-117.71190883333334,4.526755845589541,5.856274410231213,80,FF,0.0,3.0
2022-07-03 11:05:03.103962,34.106143333333335,-117.71190883333334,4.526755845589541,5.819209382412369,80,FF,0.0,3.4
2022-07-03 11:05:04.211564,34.10614283333334,-117.71190916666667,4.496065973758472,5.763611840330441,80,FF,0.0,3.3
2022-07-03 11:05:05.319166,34.10614283333334,-117.7119095,4.465376104270062,5.763611840330441,80,FF,0.0,3.2
2022-07-03 11:05:06.426768,34.10614283333334,-117.71190983333334,4.434686234781651,5.763611840330441,80,FF,0.0,3.3
2022-07-03 11:05:07.534370,34.1061435,-117.71190966666667,4.4500311695258565,5.837741895968129,80,FF,0.0,3.1
2022-07-03 11:05:08.641972,34.10614416666667,-117.71190966666667,4.4500311695258565,5.911871951605818,80,FF,0.0,3.2
2022-07-03 11:05:09.749573,34.10614433333333,-117.7119095,4.465376104270062,5.930404465868903,80,FF,0.0,3.0
2022-07-03 11:05:10.857175,34.10614483333333,-117.71190983333334,4.434686234781651,5.986002007243507,80,FF,0.0,3.2
2022-07-03 11:05:11.964777,34.10614483333333,-117.71191066666667,4.3579615587179665,5.986002007243507,80,FF,0.0,3.3
2022-07-03 11:05:13.056779,34.1061455,-117.71191116666667,4.311926754485351,6.060132062881196,80,FF,0.0,3.4
2022-07-03 11:05:14.179981,34.106145833333336,-117.71191133333333,4.296581819741147,6.097197091407364,80,FF,0.0,3.1
2022-07-03 11:05:15.287583,34.10614566666667,-117.71191166666667,4.265891950252736,6.078664577851604,80,FF,0.0,3.3
2022-07-03 11:05:16.348385,34.106145833333336,-117.71191166666667,4.265891950252736,6.097197091407364,80,FF,0.0,3.0
2022-07-03 11:05:17.487187,34.10614616666667,-117.7119115,4.281236884996941,6.134262119226208,80,FF,0.0,3.3
2022-07-03 11:05:18.594789,34.106147,-117.71191016666667,4.403996365293241,6.226924689126982,80,FF,0.0,2.9
2022-07-03 11:05:19.702391,34.10614733333333,-117.71190983333334,4.434686234781651,6.263989716945826,80,FF,0.0,3.1
2022-07-03 11:05:20.809993,34.106147666666665,-117.71190983333334,4.434686234781651,6.30105474476467,80,FF,0.0,3.2
2022-07-03 11:05:21.917595,34.106148,-117.71190966666667,4.4500311695258565,6.338119772583514,80,FF,0.0,3.2
2022-07-03 11:05:23.025197,34.106148,-117.711909,4.511410910845336,6.338119772583514,80,FF,0.0,3.2
2022-07-03 11:05:24.132799,34.106148,-117.7119085,4.557445715077951,6.338119772583514,80,FF,0.0,3.3
2022-07-03 11:05:25.224801,34.106148,-117.7119085,4.557445715077951,6.338119772583514,80,FF,0.0,3.4
2022-07-03 11:05:26.301203,34.10614783333333,-117.71190833333333,4.572790652164816,6.31958725832043,80,FF,0.0,3.2
2022-07-03 11:05:27.424405,34.106148,-117.71190833333333,4.572790652164816,6.338119772583514,80,FF,0.0,3.1
2022-07-03 11:05:28.516406,34.106148166666664,-117.71190816666666,4.588135586909021,6.3566522861392745,80,FF,0.0,3.4
2022-07-03 11:05:29.624008,34.106148166666664,-117.7119085,4.557445715077951,6.3566522861392745,80,FF,0.0,3.1
2022-07-03 11:05:30.716010,34.106148166666664,-117.7119085,4.557445715077951,6.3566522861392745,80,FF,0.0,3.2
2022-07-03 11:05:31.839212,34.1061485,-117.7119085,4.557445715077951,6.393717314665443,80,FF,0.0,3.1
2022-07-03 11:05:32.946814,34.1061485,-117.71190866666667,4.5421007803337465,6.393717314665443,80,FF,0.0,3.4
2022-07-03 11:05:34.054416,34.1061485,-117.7119085,4.557445715077951,6.393717314665443,80,FF,0.0,3.3
2022-07-03 11:05:35.162018,34.10614833333333,-117.71190866666667,4.5421007803337465,6.375184800402359,80,FF,0.0,3.5
2022-07-03 11:05:36.254020,34.10614833333333,-117.71190866666667,4.5421007803337465,6.375184800402359,80,FF,0.0,3.5
2022-07-03 11:05:37.361622,34.10614833333333,-117.71190866666667,4.5421007803337465,6.375184800402359,80,FF,0.0,3.2
2022-07-03 11:05:38.469224,34.1061485,-117.71190833333333,4.572790652164816,6.393717314665443,80,FF,0.0,3.1
2022-07-03 11:05:39.561226,34.10614733333333,-117.71190816666666,4.588135586909021,6.263989716945826,80,FF,0.0,3.0
2022-07-03 11:05:40.668828,34.1061465,-117.71190766666666,4.6341703911416365,6.171327147045053,80,FF,0.0,3.4
2022-07-03 11:05:41.776430,34.106146,-117.71190783333333,4.618825456397431,6.115729605670448,80,FF,0.0,3.5
2022-07-03 11:05:42.884032,34.1061455,-117.71190783333333,4.618825456397431,6.060132062881196,80,FF,0.0,3.4
2022-07-03 11:05:43.960434,34.10614566666667,-117.71190833333333,4.572790652164816,6.078664577851604,80,FF,0.0,3.0
2022-07-03 11:05:45.052435,34.1061455,-117.711908,4.603480521653227,6.060132062881196,80,FF,0.0,3.2
2022-07-03 11:05:46.128837,34.1061455,-117.711908,4.603480521653227,6.060132062881196,80,FF,0.0,3.3
2022-07-03 11:05:47.205239,34.106145833333336,-117.7119085,4.557445715077951,6.097197091407364,80,FF,0.0,3.1
2022-07-03 11:05:48.312841,34.106146,-117.71190883333334,4.526755845589541,6.115729605670448,80,FF,0.0,3.4
2022-07-03 11:05:49.358043,34.106146,-117.71190883333334,4.526755845589541,6.115729605670448,80,FF,0.0,3.4
2022-07-03 11:05:50.496845,34.106145833333336,-117.711909,4.511410910845336,6.097197091407364,80,FF,0.0,3.3
2022-07-03 11:05:51.526447,34.106145833333336,-117.711909,4.511410910845336,6.097197091407364,80,FF,0.0,3.4
2022-07-03 11:05:52.665249,34.10614566666667,-117.711909,4.511410910845336,6.078664577851604,80,FF,0.0,3.3
2022-07-03 11:05:53.694851,34.10614566666667,-117.711909,4.511410910845336,6.078664577851604,80,FF,0.0,3.3
2022-07-03 11:05:54.833653,34.10614616666667,-117.71190866666667,4.5421007803337465,6.134262119226208,80,FF,0.0,3.3
2022-07-03 11:05:55.925655,34.1061465,-117.71190833333333,4.572790652164816,6.171327147045053,80,FF,0.0,3.3
2022-07-03 11:05:57.017657,34.106147166666666,-117.711908,4.603480521653227,6.245457202682742,80,FF,0.0,3.3
2022-07-03 11:05:58.047258,34.106147166666666,-117.711908,4.603480521653227,6.245457202682742,80,FF,0.0,3.3
2022-07-03 11:05:59.186060,34.106148166666664,-117.711908,4.603480521653227,6.3566522861392745,80,FF,0.0,3.6
2022-07-03 11:06:00.215662,34.106148166666664,-117.711908,4.603480521653227,6.3566522861392745,80,FF,0.0,3.2
2022-07-03 11:06:01.354464,34.106149,-117.71190833333333,4.572790652164816,6.449314856747372,80,FF,0.0,3.4
2022-07-03 11:06:02.384066,34.106149,-117.71190833333333,4.572790652164816,6.449314856747372,80,FF,0.0,3.4
2022-07-03 11:06:03.522868,34.106149333333335,-117.711908,4.603480521653227,6.486379884566216,80,FF,0.0,3.4
2022-07-03 11:06:04.599270,34.10615,-117.71190833333333,4.572790652164816,6.560509940203905,80,FF,0.0,3.1
2022-07-03 11:06:05.660072,34.1061505,-117.71190866666667,4.5421007803337465,6.616107481578509,80,FF,0.0,3.5
2022-07-03 11:06:06.767674,34.10615083333333,-117.71190866666667,4.5421007803337465,6.653172509397353,80,FF,0.0,3.0
2022-07-03 11:06:07.859676,34.10615166666667,-117.71190883333334,4.526755845589541,6.745835080005451,80,FF,0.0,3.2
2022-07-03 11:06:08.951677,34.106151833333335,-117.71190883333334,4.526755845589541,6.764367593561211,80,FF,0.0,3.2
2022-07-03 11:06:10.043679,34.106152333333334,-117.71190916666667,4.496065973758472,6.819965135643139,80,FF,0.0,3.3
2022-07-03 11:06:11.135681,34.106153166666665,-117.7119095,4.465376104270062,6.912627704836588,80,FF,0.0,3.1
2022-07-03 11:06:12.227683,34.10615416666667,-117.71190966666667,4.4500311695258565,7.023822789000445,80,FF,0.0,3.5
2022-07-03 11:06:13.257285,34.10615416666667,-117.71190966666667,4.4500311695258565,7.023822789000445,80,FF,0.0,3.5
2022-07-03 11:06:14.396087,34.10615583333333,-117.71191066666667,4.3579615587179665,7.209147928094667,80,FF,0.0,3.3
2022-07-03 11:06:15.425689,34.10615583333333,-117.71191066666667,4.3579615587179665,7.209147928094667,80,FF,0.0,3.3
2022-07-03 11:06:16.564491,34.106158,-117.71191166666667,4.265891950252736,7.450070609978141,80,FF,0.0,2.9
2022-07-03 11:06:17.656493,34.106158,-117.71191183333333,4.250547013165871,7.450070609978141,80,FF,0.0,3.2
2022-07-03 11:06:18.686095,34.106158,-117.71191183333333,4.250547013165871,7.450070609978141,80,FF,0.0,3.2
2022-07-03 11:06:19.824897,34.106158,-117.71191183333333,4.250547013165871,7.450070609978141,80,FF,0.0,3.3
2022-07-03 11:06:20.885698,34.1061575,-117.7119115,4.281236884996941,7.394473067896213,80,FF,0.0,3.2
2022-07-03 11:06:21.993300,34.106156666666664,-117.7119105,4.373306493462172,7.30181049799544,80,FF,0.0,3.3
2022-07-03 11:06:23.069702,34.106156,-117.71190983333334,4.434686234781651,7.227680442357752,80,FF,0.0,3.4
2022-07-03 11:06:24.161704,34.106155666666666,-117.71190933333334,4.480721039014266,7.1906154145389065,80,FF,0.0,3.3
2022-07-03 11:06:25.238106,34.1061545,-117.71190833333333,4.572790652164816,7.06088781681929,80,FF,0.0,3.5
2022-07-03 11:06:26.345708,34.106154333333336,-117.71190833333333,4.572790652164816,7.0423553032635295,80,FF,0.0,3.1
2022-07-03 11:06:27.390910,34.106154333333336,-117.71190833333333,4.572790652164816,7.0423553032635295,80,FF,0.0,3.3
2022-07-03 11:06:28.529712,34.10615266666667,-117.71190816666666,4.588135586909021,6.8570301634619835,80,FF,0.0,3.4
2022-07-03 11:06:29.621714,34.10615216666667,-117.71190816666666,4.588135586909021,6.801432621380055,80,FF,0.0,3.3
2022-07-03 11:06:30.713716,34.1061515,-117.71190833333333,4.572790652164816,6.727302565742367,80,FF,0.0,3.5
2022-07-03 11:06:31.743318,34.1061515,-117.71190833333333,4.572790652164816,6.727302565742367,80,FF,0.0,3.5
2022-07-03 11:06:32.882120,34.10614983333333,-117.711908,4.603480521653227,6.5419774259408205,80,FF,0.0,3.2
2022-07-03 11:06:33.974121,34.10614866666667,-117.711908,4.603480521653227,6.412249828928527,80,FF,0.0,3.3
2022-07-03 11:06:35.066123,34.106148166666664,-117.71190816666666,4.588135586909021,6.3566522861392745,80,FF,0.0,3.2
2022-07-03 11:06:36.142525,34.106148,-117.71190833333333,4.572790652164816,6.338119772583514,80,FF,0.0,3.3
2022-07-03 11:06:37.234527,34.106147,-117.7119085,4.557445715077951,6.226924689126982,80,FF,0.0,3.4
2022-07-03 11:06:38.326529,34.106146333333335,-117.71190883333334,4.526755845589541,6.152794633489293,80,FF,0.0,3.2
2022-07-03 11:06:39.356131,34.106146333333335,-117.71190883333334,4.526755845589541,6.152794633489293,80,FF,0.0,3.2
2022-07-03 11:06:40.494933,34.10614566666667,-117.71191,4.419341300037447,6.078664577851604,80,FF,0.0,3.3
2022-07-03 11:06:41.524535,34.10614566666667,-117.71191,4.419341300037447,6.078664577851604,80,FF,0.0,3.3
2022-07-03 11:06:42.663337,34.106143833333334,-117.71191116666667,4.311926754485351,5.874806923786974,80,FF,0.0,3.3
2022-07-03 11:06:43.692938,34.106143833333334,-117.71191116666667,4.311926754485351,5.874806923786974,80,FF,0.0,3.3
2022-07-03 11:06:44.831740,34.10614283333334,-117.71191216666666,4.219857143677461,5.763611840330441,80,FF,0.0,3.3
2022-07-03 11:06:45.923742,34.10614183333333,-117.71191283333333,4.1584774047006405,5.652416756166584,80,FF,0.0,2.9
2022-07-03 11:06:46.953344,34.10614183333333,-117.71191283333333,4.1584774047006405,5.652416756166584,80,FF,0.0,2.9
2022-07-03 11:06:48.092146,34.106141,-117.7119135,4.09709766338116,5.559754186973135,80,FF,0.0,3.1
2022-07-03 11:06:49.152948,34.1061405,-117.71191383333333,4.0664077938927505,5.504156644891206,80,FF,0.0,3.2
2022-07-03 11:06:50.229350,34.1061405,-117.71191383333333,4.0664077938927505,5.504156644891206,80,FF,0.0,3.4
2022-07-03 11:06:51.352552,34.1061395,-117.71191433333334,4.020372987317476,5.392961560727349,80,FF,0.0,3.2
2022-07-03 11:06:52.397754,34.1061395,-117.71191433333334,4.020372987317476,5.392961560727349,80,FF,0.0,3.2
2022-07-03 11:06:53.520956,34.106138,-117.71191416666667,4.035717922061681,5.226168935188888,80,FF,0.0,3.4
2022-07-03 11:06:54.550558,34.106138,-117.71191416666667,4.035717922061681,5.226168935188888,80,FF,0.0,3.4
2022-07-03 11:06:55.689360,34.10613716666667,-117.71191366666666,4.081752728636955,5.133506365995439,80,FF,0.0,3.1
2022-07-03 11:06:56.781361,34.10613683333333,-117.71191366666666,4.081752728636955,5.09644133746927,80,FF,0.0,3.4
2022-07-03 11:06:57.873363,34.106136166666666,-117.71191333333333,4.112442598125366,5.022311281831581,80,FF,0.0,3.2
2022-07-03 11:06:58.965365,34.10613566666667,-117.71191333333333,4.112442598125366,4.966713739749653,80,FF,0.0,3.3
2022-07-03 11:07:00.057367,34.106135333333334,-117.7119135,4.09709766338116,4.929648711930809,80,FF,0.0,3.1
2022-07-03 11:07:01.149369,34.106134833333336,-117.71191316666666,4.12778753286957,4.874051170556204,80,FF,0.0,3.4
2022-07-03 11:07:02.241371,34.10613416666666,-117.71191316666666,4.12778753286957,4.799921114211191,80,FF,0.0,3.2
2022-07-03 11:07:03.270973,34.10613416666666,-117.71191316666666,4.12778753286957,4.799921114211191,80,FF,0.0,3.2
2022-07-03 11:07:04.409775,34.1061335,-117.71191366666666,4.081752728636955,4.725791058573503,80,FF,0.0,3.2
2022-07-03 11:07:05.439377,34.1061335,-117.71191366666666,4.081752728636955,4.725791058573503,80,FF,0.0,3.2
2022-07-03 11:07:06.578179,34.1061325,-117.711914,4.051062859148545,4.61459597511697,80,FF,0.0,3.2
2022-07-03 11:07:07.670181,34.106132,-117.71191433333334,4.020372987317476,4.558998433035041,80,0,0.0,3.5
2022-07-03 11:07:08.699782,34.106132,-117.71191433333334,4.020372987317476,4.558998433035041,80,0,0.0,3.5
2022-07-03 11:07:09.838584,34.10613133333333,-117.71191483333334,3.9743381830848605,4.484868376690028,80,0,0.0,3.3
2022-07-03 11:07:10.930586,34.106131,-117.71191483333334,3.9743381830848605,4.447803348871184,80,0,0.0,3.2
2022-07-03 11:07:12.022588,34.1061305,-117.7119155,3.9129584417653813,4.3922058074965795,80,0,0.0,3.2
2022-07-03 11:07:13.114590,34.10613016666667,-117.71191583333334,3.882268572276971,4.355140779677735,80,0,0.0,3.3
2022-07-03 11:07:14.144192,34.10613016666667,-117.71191583333334,3.882268572276971,4.355140779677735,80,0,0.0,3.3
2022-07-03 11:07:15.298594,34.1061295,-117.7119165,3.820888830957491,4.281010724040046,80,0,0.0,3.6
2022-07-03 11:07:16.328196,34.1061295,-117.7119165,3.820888830957491,4.281010724040046,80,0,0.0,3.6
2022-07-03 11:07:17.466998,34.1061285,-117.711917,3.7748540267248756,4.169815639876189,80,0,0.0,3.4
2022-07-03 11:07:18.543400,34.10612833333333,-117.71191766666666,3.713474287748055,4.151283125613105,80,0,0.0,3.3
2022-07-03 11:07:19.651002,34.1061285,-117.71191833333333,3.652094546428575,4.169815639876189,80,0,0.0,3.6
2022-07-03 11:07:20.743004,34.1061285,-117.71191933333333,3.5600249356206852,4.169815639876189,80,0,0.0,3.1
2022-07-03 11:07:21.835005,34.10612833333333,-117.71191983333334,3.513990129045411,4.151283125613105,80,0,0.0,3.3
2022-07-03 11:07:22.880207,34.10612833333333,-117.71191983333334,3.513990129045411,4.151283125613105,80,0,0.0,3.3
2022-07-03 11:07:24.003409,34.106127666666666,-117.711921,3.406575585835975,4.077153069975417,80,0,0.0,3.1
2022-07-03 11:07:25.033011,34.106127666666666,-117.711921,3.406575585835975,4.077153069975417,80,0,0.0,3.1
2022-07-03 11:07:26.171813,34.106127,-117.71192283333333,3.2377812989644,4.003023014337727,80,0,0.0,2.9
2022-07-03 11:07:27.201415,34.106127,-117.71192283333333,3.2377812989644,4.003023014337727,80,0,0.0,2.9
2022-07-03 11:07:28.355817,34.10612733333333,-117.71192433333333,3.0996768839238946,4.0400880421565715,80,0,0.0,316.7
2022-07-03 11:07:29.447819,34.10612783333333,-117.7119255,2.9922623383717992,4.095685584238501,80,F8,0.0,301.1
2022-07-03 11:07:30.508621,34.1061275,-117.711925,3.038297144947074,4.0586205564196565,80,EA,0.0,9.1
2022-07-03 11:07:31.631823,34.106127666666666,-117.711925,3.038297144947074,4.077153069975417,80,0,0.0,2.3
2022-07-03 11:07:32.723825,34.106128,-117.71192566666667,2.976917401284935,4.114218097794261,80,0,0.0,310.9
2022-07-03 11:07:33.815827,34.10612783333333,-117.71192583333334,2.9615724665407295,4.095685584238501,80,F3,0.0,309.9
2022-07-03 11:07:34.907828,34.10612733333333,-117.711926,2.9462275317965245,4.0400880421565715,80,F2,0.0,309.7
2022-07-03 11:07:35.953030,34.10612733333333,-117.711926,2.9462275317965245,4.0400880421565715,80,F2,0.0,309.5
2022-07-03 11:07:37.091832,34.10612866666666,-117.7119255,2.9922623383717992,4.188348153431949,80,F2,0.0,310.8
2022-07-03 11:07:38.183834,34.10612916666667,-117.71192583333334,2.9615724665407295,4.243945696221202,80,F2,0.0,291.6
2022-07-03 11:07:39.229036,34.10612966666667,-117.71192616666667,2.9308825970523196,4.299543237595806,80,E1,0.0,269.5
2022-07-03 11:07:40.352238,34.106129333333335,-117.7119265,2.9001927275639092,4.262478209776962,80,CD,0.0,266.8
2022-07-03 11:07:41.444240,34.10613016666667,-117.71192666666667,2.8848477928197043,4.355140779677735,80,CB,0.0,266.6
2022-07-03 11:07:42.536242,34.106129833333334,-117.71192683333334,2.869502858075499,4.31807575185889,80,CA,0.0,266.6
2022-07-03 11:07:43.581444,34.106129833333334,-117.71192683333334,2.869502858075499,4.31807575185889,80,CA,0.0,266.6
2022-07-03 11:07:44.720246,34.10613,-117.71192716666667,2.8388129862444296,4.33660826541465,80,CA,0.0,251.7
2022-07-03 11:07:45.812248,34.106129333333335,-117.711928,2.762088312523404,4.262478209776962,80,BD,0.0,223.4
2022-07-03 11:07:46.904250,34.106129,-117.71192866666667,2.7007085712039243,4.2254131819581175,80,A5,0.0,213.3
2022-07-03 11:07:47.996251,34.10612916666667,-117.71192916666666,2.654673766971309,4.243945696221202,80,9D,0.0,214.6
2022-07-03 11:07:49.041453,34.106131166666664,-117.71193,2.577949090907624,4.466335863134268,80,9E,0.0,215.1
2022-07-03 11:07:50.180255,34.106131833333336,-117.71193016666666,2.562604156163419,4.5404659194792805,80,9C,0.0,215.0
2022-07-03 11:07:51.272257,34.106132333333335,-117.71193,2.577949090907624,4.596063460853886,80,9B,0.0,215.0
2022-07-03 11:07:52.317459,34.106132333333335,-117.71193,2.577949090907624,4.596063460853886,80,9B,0.0,212.9
2022-07-03 11:07:53.440661,34.10613216666667,-117.7119285,2.716053505948129,4.577530947298126,80,99,0.0,213.8
2022-07-03 11:07:54.532663,34.1061355,-117.71192783333333,2.777433247267609,4.948181226193893,80,9A,0.0,216.8
