datetime,Latitude,Longitude,Cartesian X,Cartesian Y,Thrust Control,Yaw Control,Vehicle Speed (Kn),C True Heading
2022-07-03 10:37:41.979779,,,0,0,0,0,,
2022-07-03 10:37:43.009381,,,0,0,0,0,,
2022-07-03 10:37:44.163783,34.106167666666664,-117.7119955,0,0,0,0,0.0,275.7
2022-07-03 10:37:45.271385,34.10616816666667,-117.71199583333333,-3.483300264242319,8.580553961635852,80,8F,0.0,275.8
2022-07-03 10:37:46.378987,34.106169,-117.71199533333333,-3.4372654576670443,8.6732165308293,80,90,0.0,275.7
2022-07-03 10:37:47.486588,34.10616916666667,-117.71199433333334,-3.3451958468591547,8.691749045092386,80,90,0.0,275.6
2022-07-03 10:37:48.594190,34.10616983333333,-117.71199383333334,-3.299161042626539,8.765879100730075,80,90,0.0,275.6
2022-07-03 10:37:49.701792,34.1061695,-117.71199466666667,-3.375885718690224,8.72881407291123,80,91,0.0,275.6
2022-07-03 10:37:50.762594,34.1061695,-117.71199466666667,-3.375885718690224,8.72881407291123,80,90,0.0,275.7
2022-07-03 10:37:51.916996,34.1061705,-117.711995,-3.4065755881786344,8.840009156367763,80,90,0.0,276.9
2022-07-03 10:37:53.008998,34.10616983333333,-117.7119955,-3.4526103924112497,8.765879100730075,80,90,0.0,296.4
2022-07-03 10:37:54.132200,34.1061685,-117.71199766666666,-3.6520945487712346,8.617618989454696,80,90,0.0,294.7
2022-07-03 10:37:55.239802,34.1061665,-117.71199916666667,-3.7901989661543993,8.395228821834307,80,90,0.0,264.7
2022-07-03 10:37:56.347404,34.106165,-117.71199983333334,-3.85157870513122,8.228436195588522,80,8F,0.0,275.8
2022-07-03 10:37:57.455006,34.10616316666667,-117.71199983333334,-3.85157870513122,8.024578542938539,80,8F,0.0,300.9
2022-07-03 10:37:58.562608,34.10615833333333,-117.71199116666666,-3.0536420796912793,7.487135637796985,80,8F,0.0,335.2
2022-07-03 10:37:59.670210,34.106156,-117.71199,-2.9462275364818433,7.227680442357752,80,91,0.0,9.8
2022-07-03 10:38:00.777812,34.106153166666665,-117.71198983333333,-2.930882599394979,6.912627704836588,80,91,0.0,50.7
2022-07-03 10:38:01.885414,34.10615266666667,-117.7119925,-3.1764015599875792,6.8570301634619835,80,91,0.0,81.0
2022-07-03 10:38:02.993016,34.106155666666666,-117.712002,-4.051062861491205,7.1906154145389065,80,91,0.0,104.1
2022-07-03 10:38:04.100618,34.106160333333335,-117.71201066666667,-4.848999484588486,7.709525805417376,80,8E,0.0,129.2
2022-07-03 10:38:05.208220,34.1061605,-117.71201533333333,-5.2786576667968665,7.728058318973136,80,8C,0.0,139.6
2022-07-03 10:38:06.315822,34.10616,-117.712015,-5.247967794965797,7.672460777598531,80,8B,0.0,134.3
2022-07-03 10:38:07.423424,34.1061575,-117.71201633333334,-5.3707272776047565,7.394473067896213,80,8B,0.0,109.8
2022-07-03 10:38:08.531025,34.10615683333333,-117.71201783333333,-5.508831692645263,7.3203430115512,80,8B,0.0,67.9
2022-07-03 10:38:09.638627,34.106155,-117.71202083333333,-5.7850405227262724,7.116485358901218,80,8A,0.0,51.6
2022-07-03 10:38:10.746229,34.10615466666667,-117.71202433333333,-6.107284161725217,7.079420331082374,80,89,0.0,46.0
2022-07-03 10:38:11.853831,34.10614966666667,-117.712027,-6.352803122317819,6.52344491238506,80,89,0.0,46.1
2022-07-03 10:38:12.961433,34.10614866666667,-117.7120275,-6.398837926550434,6.412249828928527,80,87,0.0,46.1
2022-07-03 10:38:14.069035,34.10614866666667,-117.71202833333334,-6.475562602614119,6.412249828928527,80,87,0.0,46.3
2022-07-03 10:38:15.176637,34.10614533333333,-117.71202116666667,-5.815730394557343,6.0415995493254355,80,87,0.0,46.3
2022-07-03 10:38:16.284239,34.1061435,-117.7120155,-5.294002601541072,5.837741895968129,80,87,0.0,46.4
2022-07-03 10:38:17.391841,34.10614283333334,-117.71200883333333,-4.680205197716912,5.763611840330441,80,87,0.0,46.4
2022-07-03 10:38:18.437043,34.10614283333334,-117.71200883333333,-4.680205197716912,5.763611840330441,80,89,0.0,46.4
2022-07-03 10:38:19.591445,34.1061445,-117.71200283333333,-4.127787535212231,5.948936979424663,80,89,0.0,45.2
2022-07-03 10:38:20.683447,34.10614266666666,-117.71200283333333,-4.127787535212231,5.745079325360033,80,8B,0.0,73.0
2022-07-03 10:38:21.806649,34.106139,-117.71200433333334,-4.265891952595395,5.33736401864542,80,8B,0.0,101.6
2022-07-03 10:38:22.914251,34.10613633333333,-117.71200666666667,-4.480721043699585,5.0408437953873415,80,89,0.0,117.8
2022-07-03 10:38:24.021853,34.106136,-117.712006,-4.419341302380105,5.003778767568497,80,86,0.0,104.5
2022-07-03 10:38:25.129455,34.10613516666667,-117.7120055,-4.37330649814749,4.911116198375049,80,86,0.0,71.8
2022-07-03 10:38:26.237057,34.106131166666664,-117.71200516666667,-4.34261662865908,4.466335863134268,80,86,0.0,47.8
2022-07-03 10:38:27.344659,34.106130666666665,-117.7120075,-4.557445717420611,4.41073832105234,80,82,0.0,12.8
2022-07-03 10:38:28.452260,34.106133166666666,-117.71200833333333,-4.634170393484297,4.688726030754658,80,82,0.0,306.7
2022-07-03 10:38:29.684663,34.106137833333335,-117.71201033333334,-4.818309615100076,5.2076364216331275,80,83,0.0,270.6
