datetime,Latitude,Longitude,Cartesian X,Cartesian Y,Thrust Control,Yaw Control,Vehicle Speed (Kn),C True Heading
2022-07-03 11:22:42.033822,,,0,0,0,0,,
2022-07-03 11:22:43.063424,,,0,0,0,0,,
2022-07-03 11:22:44.202226,34.106115833333334,-117.71192766666667,0,0,0,0,0.0,75.9
2022-07-03 11:22:45.309827,34.106115833333334,-117.71192683333334,9.49850313464445,-8.80294412854892,80,0,0.0,75.7
2022-07-03 11:22:46.417429,34.106115833333334,-117.7119275,9.437123468774598,-8.80294412854892,80,0,0.0,75.8
2022-07-03 11:22:47.525031,34.106116,-117.71192716666667,9.467813300538195,-8.784411614285835,80,0,0.0,75.8
2022-07-03 11:22:48.632633,34.10611566666667,-117.7119265,9.529192966408047,-8.82147664210468,80,0,0.0,75.8
2022-07-03 11:22:49.724635,34.106115833333334,-117.71192633333334,9.544537882289845,-8.80294412854892,80,0,0.0,75.7
2022-07-03 11:22:50.847837,34.1061155,-117.71192566666667,9.60591754581704,-8.840009156367763,80,0,0.0,75.8
2022-07-03 11:22:51.955439,34.1061155,-117.71192483333333,9.682642129911345,-8.840009156367763,80,0,0.0,75.7
2022-07-03 11:22:53.063041,34.1061155,-117.71192466666666,9.697987045793143,-8.840009156367763,80,0,0.0,75.7
2022-07-03 11:22:54.170643,34.10611516666667,-117.7119245,9.713331961674943,-8.877074184186608,80,0,0.0,75.8
2022-07-03 11:22:55.278245,34.106114833333336,-117.71192416666666,9.74402179343854,-8.914139212005452,80,0,0.0,75.7
2022-07-03 11:22:56.385847,34.1061145,-117.71192366666666,9.79005654342659,-8.95120424053162,80,0,0.0,75.8
2022-07-03 11:22:57.493449,34.10611433333333,-117.71192333333333,9.820746375190188,-8.96973675408738,80,0,0.0,75.8
2022-07-03 11:22:58.601051,34.106114,-117.711923,9.851436206953785,-9.006801781906224,80,0,0.0,75.8
2022-07-03 11:22:59.708653,34.10611433333333,-117.71192233333333,9.912815872823638,-8.96973675408738,80,0,0.0,75.8
2022-07-03 11:23:00.816255,34.10611433333333,-117.71192133333334,10.00488536811443,-8.96973675408738,80,0,0.0,75.8
2022-07-03 11:23:01.923857,34.10611433333333,-117.7119205,10.08160994986608,-8.96973675408738,80,0,0.0,75.8
2022-07-03 11:23:02.984659,34.10611433333333,-117.71192,10.127644697511474,-8.96973675408738,80,0,0.0,75.7
2022-07-03 11:23:04.123461,34.106114,-117.71192,10.127644697511474,-9.006801781906224,80,0,0.0,75.8
2022-07-03 11:23:05.231062,34.10611383333333,-117.7119205,10.08160994986608,-9.025334296169309,80,0,0.0,75.8
2022-07-03 11:23:06.338664,34.1061135,-117.71192033333334,10.096954865747877,-9.062399323988153,80,0,0.0,75.8
2022-07-03 11:23:07.446266,34.1061135,-117.7119205,10.08160994986608,-9.062399323988153,80,0,0.0,75.7
2022-07-03 11:23:08.553868,34.10611316666667,-117.7119195,10.173679447499527,-9.099464351806997,80,0,0.0,75.8
2022-07-03 11:23:09.661470,34.106112833333334,-117.71191883333333,10.235059113369378,-9.136529379625841,80,0,0.0,75.6
2022-07-03 11:23:10.769072,34.106112833333334,-117.71191866666666,10.250404029251177,-9.136529379625841,80,0,0.0,75.7
2022-07-03 11:23:11.876674,34.10611266666667,-117.71191833333333,10.281093861014774,-9.155061893181601,80,0,0.0,75.6
2022-07-03 11:23:12.984276,34.1061125,-117.71191816666666,10.296438776896572,-9.173594407444686,80,0,0.0,75.7
2022-07-03 11:23:14.091878,34.1061125,-117.711917,10.40385319041182,-9.173594407444686,80,0,0.0,75.7
2022-07-03 11:23:15.199480,34.10611266666667,-117.71191616666667,10.480577772163468,-9.155061893181601,80,0,0.0,75.7
2022-07-03 11:23:16.275882,34.10611266666667,-117.7119165,10.449887938057214,-9.155061893181601,80,0,0.0,75.7
2022-07-03 11:23:17.414684,34.1061125,-117.71191683333333,10.419198106293617,-9.173594407444686,80,0,0.0,75.8
2022-07-03 11:23:18.522286,34.106112333333336,-117.71191566666667,10.526612519808864,-9.192126921000446,80,0,0.0,75.8
2022-07-03 11:23:19.629888,34.106112333333336,-117.711915,10.587992185678715,-9.192126921000446,80,0,0.0,75.9
2022-07-03 11:23:20.737490,34.106112,-117.711915,10.587992185678715,-9.229191948819292,80,0,0.0,75.8
2022-07-03 11:23:21.845092,34.106112,-117.71191433333334,10.64937184920591,-9.229191948819292,80,0,0.0,75.8
2022-07-03 11:23:22.952694,34.10611216666667,-117.7119145,10.63402693332411,-9.21065943526353,80,0,0.0,75.7
2022-07-03 11:23:24.060296,34.1061125,-117.7119145,10.63402693332411,-9.173594407444686,80,0,0.0,75.7
2022-07-03 11:23:25.167897,34.106112333333336,-117.71191366666666,10.71075151507576,-9.192126921000446,80,0,0.0,75.7
2022-07-03 11:23:26.275499,34.10611266666667,-117.71191316666666,10.756786262721157,-9.155061893181601,80,0,0.0,75.8
2022-07-03 11:23:27.383101,34.10611266666667,-117.71191233333333,10.833510844472807,-9.155061893181601,80,0,0.0,75.7
2022-07-03 11:23:28.443903,34.10611266666667,-117.71191233333333,10.833510844472807,-9.155061893181601,80,0,0.0,75.1
2022-07-03 11:23:29.598305,34.106112833333334,-117.7119095,11.094374419148695,-9.136529379625841,80,0,0.0,73.6
2022-07-03 11:23:30.705907,34.106112833333334,-117.71190783333333,11.247823582651995,-9.136529379625841,80,0,0.0,52.3
2022-07-03 11:23:31.813509,34.10611516666667,-117.71190633333333,11.385927827930837,-8.877074184186608,80,FF,0.0,9.2
2022-07-03 11:23:32.921111,34.1061165,-117.7119065,11.37058291204904,-8.72881407291123,80,EC,0.0,30.4
2022-07-03 11:23:34.028713,34.106112333333336,-117.711907,11.324548164403643,-9.192126921000446,80,FE,0.0,8.4
2022-07-03 11:23:35.136315,34.10611133333333,-117.71190666666666,11.35523799616724,-9.303322005164304,80,EC,0.0,307.9
2022-07-03 11:23:36.243917,34.10611266666667,-117.71190666666666,11.35523799616724,-9.155061893181601,80,B8,0.0,272.3
2022-07-03 11:23:37.351519,34.1061115,-117.71190683333333,11.339893080285442,-9.284789491608544,80,98,0.0,254.9
2022-07-03 11:23:38.459121,34.10611266666667,-117.71190766666666,11.263168498533792,-9.155061893181601,80,89,0.0,256.4
2022-07-03 11:23:39.566723,34.106113,-117.71191133333333,10.925580342106255,-9.117996865362757,80,8A,0.0,256.7
2022-07-03 11:23:40.658725,34.10611266666667,-117.7119115,10.910235426224455,-9.155061893181601,80,8B,0.0,256.8
2022-07-03 11:23:41.781927,34.10611333333333,-117.71191183333333,10.879545592118202,-9.080931837543913,80,8B,0.0,256.8
2022-07-03 11:23:42.889529,34.106113,-117.711912,10.864200676236404,-9.117996865362757,80,8B,0.0,249.7
2022-07-03 11:23:43.997131,34.106112,-117.7119115,10.910235426224455,-9.229191948819292,80,85,0.0,247.4
2022-07-03 11:23:45.104733,34.106112833333334,-117.71191116666667,10.940925257988052,-9.136529379625841,80,83,0.0,247.3
2022-07-03 11:23:46.212334,34.106113,-117.71191083333333,10.97161508975165,-9.117996865362757,80,83,0.0,247.6
2022-07-03 11:23:47.319936,34.10611266666667,-117.71191216666666,10.848855760354605,-9.155061893181601,80,83,0.0,245.3
2022-07-03 11:23:48.427538,34.1061125,-117.71191433333334,10.64937184920591,-9.173594407444686,80,81,0.0,235.6
2022-07-03 11:23:49.535140,34.106114,-117.711918,10.311783692778372,-9.006801781906224,80,79,0.0,232.4
2022-07-03 11:23:50.642742,34.10611816666667,-117.711917,10.40385319041182,-8.543488933109684,80,76,0.0,231.8
2022-07-03 11:23:51.750344,34.106124333333334,-117.711919,10.21971419748758,-7.8577859166927535,80,74,0.0,222.0
2022-07-03 11:23:52.857946,34.1061245,-117.71191716666667,10.38850827453002,-7.839253402429669,80,69,0.0,213.4
2022-07-03 11:23:53.965548,34.10612533333333,-117.71191733333333,10.373163358648222,-7.746590833236221,80,62,0.0,213.9
2022-07-03 11:23:55.073150,34.106124666666666,-117.71191833333333,10.281093861014774,-7.820720888873909,80,62,0.0,205.1
2022-07-03 11:23:56.180752,34.106125,-117.71191916666666,10.204369279263124,-7.783655861055065,80,5A,0.0,189.3
2022-07-03 11:23:57.288354,34.106124666666666,-117.71192083333334,10.050920118102482,-7.820720888873909,80,4D,0.0,182.1
2022-07-03 11:23:58.395956,34.106125,-117.71192166666667,9.974195536350832,-7.783655861055065,80,47,0.0,182.4
2022-07-03 11:23:59.503558,34.10612616666667,-117.711923,9.851436206953785,-7.653928262628123,80,47,0.0,184.3
2022-07-03 11:24:00.611160,34.10612716666667,-117.7119235,9.805401459308392,-7.542733179171591,80,48,0.0,187.6
2022-07-03 11:24:01.718762,34.10612916666667,-117.71192433333333,9.72867687755674,-7.3203430115512,80,4B,0.0,185.2
2022-07-03 11:24:02.826364,34.106131166666664,-117.7119245,9.713331961674943,-7.097952844638134,80,48,0.0,173.8
2022-07-03 11:24:03.933966,34.10613333333333,-117.71192916666666,9.283674307613955,-6.8570301634619835,80,3D,0.0,128.1
2022-07-03 11:24:05.025967,34.10613016666667,-117.7119425,8.05608100895819,-7.209147928094667,80,15,0.0,110.4
2022-07-03 11:24:06.133569,34.10612783333333,-117.71194516666667,7.8105623501640995,-7.468603123533901,80,9,0.0,117.8
2022-07-03 11:24:07.241171,34.106133,-117.7119465,7.687803020767054,-6.894095191280828,80,11,0.0,117.8
2022-07-03 11:24:08.348773,34.10613516666667,-117.71194833333334,7.519008941381957,-6.653172509397353,80,F,0.0,117.8
2022-07-03 11:24:09.393975,34.10613516666667,-117.71194833333334,7.519008941381957,-6.653172509397353,80,E,0.0,117.8
2022-07-03 11:24:10.548377,34.106135,-117.71194983333334,7.380904696103113,-6.671705023660437,80,E,0.0,115.5
2022-07-03 11:24:11.655979,34.10613683333333,-117.7119485,7.503664025500158,-6.467847370303132,80,D,0.0,92.5
2022-07-03 11:24:12.763581,34.10613983333333,-117.7119435,7.964011513667398,-6.134262119226208,80,0,0.0,73.6
2022-07-03 11:24:13.871183,34.10613683333333,-117.711942,8.102115758946242,-6.467847370303132,80,0,0.0,74.1
2022-07-03 11:24:14.978785,34.106130666666665,-117.711942,8.102115758946242,-7.153550386720062,80,0,0.0,73.7
2022-07-03 11:24:16.086387,34.10612883333334,-117.71194016666666,8.27090983833134,-7.3574080393700445,80,0,0.0,73.8
2022-07-03 11:24:17.193989,34.106129,-117.71193883333333,8.393669167728385,-7.338875525814284,80,0,0.0,73.3
2022-07-03 11:24:18.301591,34.10613216666667,-117.7119365,8.60849799475888,-6.986757760474276,80,0,0.0,53.2
2022-07-03 11:24:19.362393,34.10613216666667,-117.7119365,8.60849799475888,-6.986757760474276,80,FF,0.0,25.8
2022-07-03 11:24:20.516795,34.106132333333335,-117.71193633333333,8.623842910640677,-6.968225246918516,80,F8,0.0,30.7
2022-07-03 11:24:21.608797,34.10613766666667,-117.71193733333334,8.53177341300723,-6.375184800402359,80,FC,0.0,31.3
2022-07-03 11:24:22.731999,34.106138666666666,-117.71193683333334,8.577808160652625,-6.263989716945826,80,FA,0.0,31.5
2022-07-03 11:24:23.839601,34.10613633333333,-117.71193583333333,8.669877658286074,-6.52344491238506,80,F9,0.0,31.6
2022-07-03 11:24:24.947202,34.106131833333336,-117.7119355,8.700567492392327,-7.0238227882931215,80,FA,0.0,31.4
2022-07-03 11:24:26.054804,34.10612966666667,-117.71193433333333,8.807981903564917,-7.264745470176596,80,FC,0.0,31.4
2022-07-03 11:24:27.162406,34.10612966666667,-117.71193216666667,9.007465814713612,-7.264745470176596,80,FD,0.0,31.7
2022-07-03 11:24:28.270008,34.10612966666667,-117.71193116666667,9.09953531234706,-7.264745470176596,80,FD,0.0,33.9
2022-07-03 11:24:29.377610,34.106129333333335,-117.7119355,8.700567492392327,-7.30181049799544,80,FF,0.0,336.8
2022-07-03 11:24:30.485212,34.106126,-117.71193616666666,8.639187826522477,-7.672460776891207,80,CE,0.0,329.5
2022-07-03 11:24:31.592814,34.106129833333334,-117.71193716666667,8.547118328889027,-7.246212955913512,80,C9,0.0,317.6
2022-07-03 11:24:32.700416,34.10613466666667,-117.71193783333334,8.485738663019177,-6.7087700514792825,80,BD,0.0,322.2
2022-07-03 11:24:33.808018,34.106141,-117.71193666666667,8.593153076534424,-6.004534520799267,80,BF,0.0,322.1
2022-07-03 11:24:34.915620,34.106142,-117.71193733333334,8.53177341300723,-5.893339438050058,80,BC,0.0,325.6
2022-07-03 11:24:36.023222,34.1061395,-117.71194033333333,8.255564920106885,-6.171327147045053,80,BE,0.0,276.3
2022-07-03 11:24:37.130824,34.106139666666664,-117.71194266666667,8.04073609307639,-6.152794633489293,80,95,0.0,270.7
2022-07-03 11:24:38.238426,34.1061405,-117.71194233333334,8.071425924839987,-6.060132062881196,80,90,0.0,270.2
2022-07-03 11:24:39.346028,34.10614016666667,-117.71194483333333,7.841252184270353,-6.09719709070004,80,8F,0.0,270.1
2022-07-03 11:24:40.453630,34.10614016666667,-117.71194583333333,7.749182686636905,-6.09719709070004,80,90,0.0,270.4
2022-07-03 11:24:41.561232,34.106139166666665,-117.71194583333333,7.749182686636905,-6.2083921748638975,80,90,0.0,251.2
2022-07-03 11:24:42.668834,34.1061385,-117.71194583333333,7.749182686636905,-6.282522230501586,80,80,0.0,245.5
2022-07-03 11:24:43.776436,34.106137833333335,-117.711944,7.917976763679346,-6.3566522861392745,80,7B,0.0,245.7
2022-07-03 11:24:44.821637,34.106137833333335,-117.711944,7.917976763679346,-6.3566522861392745,80,7C,0.0,245.7
2022-07-03 11:24:45.976039,34.1061335,-117.71195833333333,6.598313969732788,-6.838497649198899,80,7C,0.0,245.7
2022-07-03 11:24:47.083641,34.10613166666667,-117.71195966666667,6.475554640335743,-7.042355302556206,80,81,0.0,246.0
2022-07-03 11:24:48.191243,34.10613,-117.71196233333333,6.230035981541652,-7.227680442357752,80,82,0.0,246.0
2022-07-03 11:24:49.298845,34.10612833333333,-117.71196183333333,6.2760707291870474,-7.413005582159297,80,84,0.0,245.8
2022-07-03 11:24:50.406447,34.10612616666667,-117.7119605,6.398830058584093,-7.653928262628123,80,85,0.0,245.9
2022-07-03 11:24:51.514049,34.10612366666667,-117.7119585,6.58296905385099,-7.931915972330442,80,85,0.0,246.2
2022-07-03 11:24:52.621651,34.106122666666664,-117.711957,6.721073299129833,-8.043111056494299,80,86,0.0,258.0
2022-07-03 11:24:53.729253,34.106122666666664,-117.71195133333333,7.242800450824268,-8.043111056494299,80,91,0.0,287.1
2022-07-03 11:24:54.836855,34.10612316666667,-117.71194766666666,7.580388607251807,-7.987513513705046,80,A9,0.0,285.9
2022-07-03 11:24:55.944457,34.1061245,-117.71194583333333,7.749182686636905,-7.839253402429669,80,A7,0.0,285.9
2022-07-03 11:24:57.052059,34.1061235,-117.71194483333333,7.841252184270353,-7.950448485886202,80,A6,0.0,285.8
2022-07-03 11:24:58.159661,34.106124,-117.7119455,7.779872518400502,-7.894850944511598,80,A6,0.0,285.9
2022-07-03 11:24:59.267263,34.10612416666667,-117.71194566666667,7.7645276025187036,-7.876318430248514,80,A6,0.0,285.8
2022-07-03 11:25:00.374865,34.10612416666667,-117.71194583333333,7.749182686636905,-7.876318430248514,80,A6,0.0,286.0
2022-07-03 11:25:01.482467,34.1061235,-117.711946,7.733837770755106,-7.950448485886202,80,A6,0.0,286.0
2022-07-03 11:25:02.590069,34.106123,-117.711947,7.6417682731216585,-8.006046028675454,80,A6,0.0,285.8
2022-07-03 11:25:03.697671,34.106123,-117.711947,7.6417682731216585,-8.006046028675454,80,A7,0.0,285.8
2022-07-03 11:25:04.805272,34.106122,-117.71194683333333,7.657113189003456,-8.117241112131987,80,A7,0.0,284.6
2022-07-03 11:25:05.912874,34.106122666666664,-117.711946,7.733837770755106,-8.043111056494299,80,A6,0.0,304.0
2022-07-03 11:25:07.020476,34.10612316666667,-117.71194516666667,7.8105623501640995,-7.987513513705046,80,B6,0.0,327.2
2022-07-03 11:25:08.128078,34.1061235,-117.71194433333334,7.887286931915749,-7.950448485886202,80,CA,0.0,328.7
2022-07-03 11:25:09.235680,34.10612483333333,-117.71194383333334,7.9333216795611445,-7.802188374610825,80,CB,0.0,328.7
2022-07-03 11:25:10.343282,34.106125,-117.71194316666667,7.994701345430995,-7.783655861055065,80,CB,0.0,328.7
2022-07-03 11:25:11.450884,34.1061255,-117.71194266666667,8.04073609307639,-7.728058318973136,80,CA,0.0,328.7
2022-07-03 11:25:12.558486,34.1061245,-117.71194066666666,8.224875088343287,-7.839253402429669,80,CA,0.0,328.5
2022-07-03 11:25:13.666088,34.106124,-117.71193966666667,8.316944585976735,-7.894850944511598,80,CA,0.0,328.5
2022-07-03 11:25:14.773690,34.1061235,-117.71193883333333,8.393669167728385,-7.950448485886202,80,CA,0.0,328.6
2022-07-03 11:25:15.881292,34.10612316666667,-117.71193783333334,8.485738663019177,-7.987513513705046,80,CA,0.0,328.6
2022-07-03 11:25:16.988894,34.10612366666667,-117.711937,8.562463244770827,-7.931915972330442,80,CA,0.0,328.9
2022-07-03 11:25:18.096496,34.106123833333335,-117.71193616666666,8.639187826522477,-7.913383458067358,80,CA,0.0,336.1
2022-07-03 11:25:19.204098,34.106122166666665,-117.71193583333333,8.669877658286074,-8.098708597868903,80,D0,0.0,9.3
2022-07-03 11:25:20.311700,34.10612166666667,-117.71193683333334,8.577808160652625,-8.154306139950833,80,EE,0.0,9.6
2022-07-03 11:25:21.419302,34.10612033333334,-117.71193666666667,8.593153076534424,-8.30256625122621,80,EE,0.0,10.1
2022-07-03 11:25:22.526904,34.1061205,-117.711935,8.746602240037722,-8.284033736963126,80,EF,0.0,10.2
2022-07-03 11:25:23.634506,34.106120833333335,-117.71193416666667,8.823326821789372,-8.246968709144282,80,EF,0.0,10.9
2022-07-03 11:25:24.742108,34.10612166666667,-117.71193266666667,8.961431067068215,-8.154306139950833,80,EF,0.0,39.2
2022-07-03 11:25:25.849709,34.10612233333333,-117.71193316666667,8.915396317080162,-8.080176084313143,80,FF,0.0,38.2
2022-07-03 11:25:26.957311,34.10612283333333,-117.711934,8.83867173767117,-8.024578542231215,80,FF,0.0,38.5
2022-07-03 11:25:28.064913,34.10612283333333,-117.7119345,8.792636987683117,-8.024578542231215,80,FF,0.0,38.4
2022-07-03 11:25:29.172515,34.106124,-117.71193616666666,8.639187826522477,-7.894850944511598,80,FF,0.0,48.8
2022-07-03 11:25:30.280117,34.1061245,-117.71193733333334,8.53177341300723,-7.839253402429669,80,FF,0.0,70.7
2022-07-03 11:25:31.387719,34.106123833333335,-117.71193783333334,8.485738663019177,-7.913383458067358,80,0,0.0,68.8
2022-07-03 11:25:32.495321,34.10612316666667,-117.71193766666667,8.501083578900975,-7.987513513705046,80,0,0.0,83.8
2022-07-03 11:25:33.602923,34.106124333333334,-117.71194116666666,8.178840340697892,-7.8577859166927535,80,0,0.0,112.6
2022-07-03 11:25:34.710525,34.106125166666665,-117.7119415,8.148150508934295,-7.765123346791981,80,E,0.0,131.6
2022-07-03 11:25:35.818127,34.1061255,-117.71194183333333,8.117460674828042,-7.728058318973136,80,1E,0.0,132.1
2022-07-03 11:25:36.925729,34.106126333333336,-117.71194083333333,8.20953017246149,-7.635395749072363,80,1E,0.0,132.1
2022-07-03 11:25:38.017731,34.10612666666667,-117.71194066666666,8.224875088343287,-7.598330721253519,80,1E,0.0,132.3
2022-07-03 11:25:39.125333,34.10612666666667,-117.7119405,8.240220004225087,-7.598330721253519,80,1E,0.0,132.1
2022-07-03 11:25:40.232935,34.106126833333335,-117.71194033333333,8.255564920106885,-7.579798206990435,80,1D,0.0,132.4
2022-07-03 11:25:41.340537,34.106127,-117.71193983333333,8.301599670094937,-7.561265693434675,80,1E,0.0,132.5
2022-07-03 11:25:42.448139,34.106126,-117.71194,8.286254754213138,-7.672460776891207,80,1E,0.0,132.5
2022-07-03 11:25:43.555741,34.10612533333333,-117.71193783333334,8.485738663019177,-7.746590833236221,80,1E,0.0,132.4
2022-07-03 11:25:44.663342,34.106125166666665,-117.711938,8.470393747137377,-7.765123346791981,80,1E,0.0,132.2
2022-07-03 11:25:45.770944,34.106124333333334,-117.71193666666667,8.593153076534424,-7.8577859166927535,80,1E,0.0,132.3
2022-07-03 11:25:46.878546,34.106123833333335,-117.71193583333333,8.669877658286074,-7.913383458067358,80,1E,0.0,144.1
2022-07-03 11:25:47.986148,34.106123333333336,-117.7119355,8.700567492392327,-7.968981000149286,80,28,0.0,159.1
2022-07-03 11:25:49.093750,34.10612283333333,-117.711935,8.746602240037722,-8.024578542231215,80,36,0.0,165.2
2022-07-03 11:25:50.185752,34.10612283333333,-117.7119345,8.792636987683117,-8.024578542231215,80,3B,0.0,165.1
2022-07-03 11:25:51.277754,34.10612183333333,-117.711935,8.746602240037722,-8.135773625687747,80,3B,0.0,165.0
2022-07-03 11:25:52.400956,34.10611933333333,-117.71193616666666,8.639187826522477,-8.413761335390067,80,3B,0.0,164.8
2022-07-03 11:25:53.508558,34.10611633333333,-117.7119365,8.60849799475888,-8.74734658646699,80,3C,0.0,181.2
2022-07-03 11:25:54.616160,34.1061145,-117.711937,8.562463244770827,-8.95120424053162,80,4C,0.0,199.3
2022-07-03 11:25:55.723762,34.10611466666667,-117.71193783333334,8.485738663019177,-8.932671725561212,80,5D,0.0,207.0
2022-07-03 11:25:56.831364,34.1061145,-117.711937,8.562463244770827,-8.95120424053162,80,64,0.0,206.2
2022-07-03 11:25:57.938966,34.106116666666665,-117.71193616666666,8.639187826522477,-8.710281558648147,80,63,0.0,206.2
2022-07-03 11:25:59.046568,34.106115,-117.71193583333333,8.669877658286074,-8.895606697742368,80,62,0.0,206.0
2022-07-03 11:26:00.154170,34.10611266666667,-117.71193416666667,8.823326821789372,-9.155061893181601,80,62,0.0,214.2
2022-07-03 11:26:01.246172,34.1061145,-117.71193416666667,8.823326821789372,-8.95120424053162,80,6A,0.0,234.6
2022-07-03 11:26:02.353774,34.10611433333333,-117.71193333333333,8.900051401198365,-8.96973675408738,80,7B,0.0,246.4
2022-07-03 11:26:03.461376,34.106113666666666,-117.7119325,8.976775982950015,-9.043866809725069,80,85,0.0,244.8
2022-07-03 11:26:04.568977,34.106113666666666,-117.71193233333334,8.992120898831812,-9.043866809725069,80,84,0.0,244.8
2022-07-03 11:26:05.676579,34.106113666666666,-117.71193233333334,8.992120898831812,-9.043866809725069,80,84,0.0,245.0
2022-07-03 11:26:06.784181,34.10611466666667,-117.71193216666667,9.007465814713612,-8.932671725561212,80,84,0.0,244.9
2022-07-03 11:26:07.891783,34.106113666666666,-117.71193133333334,9.084190396465262,-9.043866809725069,80,84,0.0,244.9
2022-07-03 11:26:08.999385,34.106114166666664,-117.711931,9.11488022822886,-8.988269268350464,80,84,0.0,245.0
2022-07-03 11:26:10.106987,34.106116666666665,-117.7119295,9.252984475850358,-8.710281558648147,80,84,0.0,245.0
2022-07-03 11:26:11.214589,34.106118333333335,-117.711929,9.299019223495755,-8.5249564188466,80,82,0.0,244.8
2022-07-03 11:26:12.322191,34.106118,-117.711929,9.299019223495755,-8.562021446665444,80,81,0.0,244.8
2022-07-03 11:26:13.398593,34.10611766666667,-117.71192816666667,9.375743805247403,-8.599086474484288,80,82,0.0,245.0
2022-07-03 11:26:14.521795,34.106116166666666,-117.71192916666666,9.283674307613955,-8.765879100730075,80,82,0.0,245.0
2022-07-03 11:26:15.629397,34.10611433333333,-117.71193016666666,9.191604809980507,-8.96973675408738,80,82,0.0,244.9
2022-07-03 11:26:16.736999,34.1061145,-117.71193016666666,9.191604809980507,-8.95120424053162,80,83,0.0,245.0
2022-07-03 11:26:17.844601,34.106114833333336,-117.71192966666666,9.23763955996856,-8.914139212005452,80,83,0.0,244.9
2022-07-03 11:26:18.952203,34.106114833333336,-117.7119285,9.34505397114115,-8.914139212005452,80,83,0.0,244.9
2022-07-03 11:26:20.059805,34.1061145,-117.71192766666667,9.4217785528928,-8.95120424053162,80,83,0.0,244.9
2022-07-03 11:26:21.167407,34.106115,-117.711927,9.483158218762652,-8.895606697742368,80,83,0.0,244.9
2022-07-03 11:26:22.275009,34.10611516666667,-117.71192616666667,9.559882798171644,-8.877074184186608,80,82,0.0,244.8
2022-07-03 11:26:23.382611,34.106116,-117.711926,9.575227714053442,-8.784411614285835,80,82,0.0,245.2
2022-07-03 11:26:24.490212,34.106115333333335,-117.71192533333334,9.636607379923293,-8.858541669923524,80,82,0.0,244.9
2022-07-03 11:26:25.597814,34.10611683333333,-117.71192433333333,9.72867687755674,-8.691749045092386,80,82,0.0,244.9
2022-07-03 11:26:26.705416,34.10611766666667,-117.7119245,9.713331961674943,-8.599086474484288,80,81,0.0,244.9
2022-07-03 11:26:27.813018,34.106118333333335,-117.71192433333333,9.72867687755674,-8.5249564188466,80,81,0.0,244.9
2022-07-03 11:26:28.920620,34.10611983333333,-117.71192383333333,9.774711625202137,-8.358163794015462,80,81,0.0,244.8
2022-07-03 11:26:30.028222,34.10612016666666,-117.7119235,9.805401459308392,-8.321098766196618,80,80,0.0,244.9
2022-07-03 11:26:31.135824,34.10612183333333,-117.71192316666666,9.83609129107199,-8.135773625687747,80,80,0.0,244.9
2022-07-03 11:26:32.227826,34.10612366666667,-117.7119235,9.805401459308392,-7.931915972330442,80,7F,0.0,244.8
2022-07-03 11:26:33.319828,34.106124333333334,-117.71192266666667,9.882126038717383,-7.8577859166927535,80,7E,0.0,244.8
2022-07-03 11:26:34.411830,34.1061255,-117.71192216666667,9.928160788705437,-7.728058318973136,80,7E,0.0,244.9
2022-07-03 11:26:35.503832,34.106126833333335,-117.711922,9.943505704587235,-7.579798206990435,80,7D,0.0,244.8
2022-07-03 11:26:36.595834,34.10612733333333,-117.71192216666667,9.928160788705437,-7.5242006656158305,80,7D,0.0,245.1
2022-07-03 11:26:37.687836,34.10612733333333,-117.71192183333334,9.958850620469034,-7.5242006656158305,80,7D,0.0,244.9
2022-07-03 11:26:38.733037,34.10612733333333,-117.71192116666667,10.020230283996229,-7.5242006656158305,80,7D,0.0,245.0
2022-07-03 11:26:39.856239,34.1061275,-117.71192116666667,10.020230283996229,-7.5056681513527455,80,7D,0.0,244.9
2022-07-03 11:26:40.948241,34.106128166666664,-117.71192133333334,10.00488536811443,-7.431538095715057,80,7C,0.0,245.0
2022-07-03 11:26:42.040243,34.106129,-117.71192166666667,9.974195536350832,-7.338875525814284,80,7C,0.0,244.9
2022-07-03 11:26:43.085445,34.106129,-117.71192166666667,9.974195536350832,-7.338875525814284,80,7C,0.0,244.8
2022-07-03 11:26:44.239847,34.1061295,-117.7119215,9.989540452232632,-7.283277983732356,80,7C,0.0,245.0
2022-07-03 11:26:45.347449,34.106129833333334,-117.711921,10.035575202220683,-7.246212955913512,80,7C,0.0,245.0
2022-07-03 11:26:46.439451,34.10613083333333,-117.71192116666667,10.020230283996229,-7.135017872456978,80,7B,0.0,245.1
2022-07-03 11:26:47.484653,34.106132833333334,-117.7119215,9.989540452232632,-6.912627704836588,80,7B,0.0,244.9
