datetime,Latitude,Longitude,Cartesian X,Cartesian Y,Thrust Control,Yaw Control,Vehicle Speed (Kn),C True Heading
2022-07-03 10:51:07.837921,,,0,0,0,0,,
2022-07-03 10:51:08.846979,,,0,0,0,0,,
2022-07-03 10:51:09.993045,34.106133666666665,-117.71196516666667,0,0,0,0,0.0,191.0
2022-07-03 10:51:11.089107,34.106133666666665,-117.71196533333334,-0.6751771451436405,4.744323572129263,80,FF,0.0,189.8
2022-07-03 10:51:12.191170,34.1061335,-117.71196566666667,-0.7058670146320507,4.725791058573503,80,FF,0.0,189.6
2022-07-03 10:51:13.289233,34.106133166666666,-117.71196633333334,-0.7672467559515305,4.688726030754658,80,FF,0.0,196.4
2022-07-03 10:51:14.388296,34.106133666666665,-117.71196633333334,-0.7672467559515305,4.744323572129263,80,FF,0.0,201.9
2022-07-03 10:51:15.486359,34.106133666666665,-117.71196616666667,-0.7519018212073254,4.744323572129263,80,FF,0.0,201.8
2022-07-03 10:51:16.584422,34.106134,-117.71196583333334,-0.7212119493762558,4.781388599948107,80,FF,0.0,201.7
2022-07-03 10:51:17.683485,34.106134,-117.7119655,-0.6905220798878455,4.781388599948107,80,FF,0.0,206.7
2022-07-03 10:51:18.780547,34.10613383333333,-117.71196416666666,-0.5677625995915453,4.762856086392347,80,FF,0.0,224.7
2022-07-03 10:51:19.879610,34.106135,-117.711962,-0.36827844323156017,4.8925836841119645,80,FF,0.0,250.5
2022-07-03 10:51:20.977673,34.10613466666667,-117.71195916666667,-0.10741454789475459,4.855518656293119,80,FF,0.0,273.2
2022-07-03 10:51:22.072736,34.106132333333335,-117.7119515,0.5984524667372961,4.596063460853886,80,FF,0.0,268.1
2022-07-03 10:51:23.172799,34.10613016666667,-117.71194333333334,1.3503542856019621,4.355140779677735,80,FF,0.0,251.5
2022-07-03 10:51:24.267861,34.106129833333334,-117.71194266666667,1.4117340245787824,4.31807575185889,80,0,0.0,249.3
2022-07-03 10:51:25.365924,34.10612866666666,-117.71194266666667,1.4117340245787824,4.188348153431949,80,0,0.0,251.1
2022-07-03 10:51:26.465987,34.1061285,-117.71194233333334,1.4424238940671927,4.169815639876189,80,0,0.0,251.2
2022-07-03 10:51:27.555049,34.106128166666664,-117.71194116666666,1.5498384419619473,4.132750612057345,80,0,0.0,251.4
2022-07-03 10:51:28.637111,34.106127666666666,-117.71194066666666,1.5958732461945626,4.077153069975417,80,0,0.0,251.2
2022-07-03 10:51:29.759175,34.1061275,-117.71194066666666,1.5958732461945626,4.0586205564196565,80,0,0.0,251.4
2022-07-03 10:51:30.857238,34.10612733333333,-117.71194,1.6572529875140423,4.0400880421565715,80,0,0.0,251.4
2022-07-03 10:51:31.954301,34.1061275,-117.71193933333333,1.7186327264908627,4.0586205564196565,80,0,0.0,251.2
2022-07-03 10:51:33.049363,34.106128,-117.7119385,1.7953574025545478,4.114218097794261,80,0,0.0,251.4
2022-07-03 10:51:34.147426,34.10612716666667,-117.71193783333334,1.856737141531368,4.021555528600811,80,0,0.0,251.3
2022-07-03 10:51:35.245489,34.106127666666666,-117.71193766666667,1.8720820762755732,4.077153069975417,80,0,0.0,251.2
2022-07-03 10:51:36.343552,34.106127666666666,-117.71193683333334,1.948806752339258,4.077153069975417,80,0,0.0,251.3
2022-07-03 10:51:37.441615,34.1061275,-117.711936,2.025531428402943,4.0586205564196565,80,0,0.0,251.3
2022-07-03 10:51:38.539677,34.10612833333333,-117.7119345,2.1636358434434486,4.151283125613105,80,0,0.0,251.3
2022-07-03 10:51:39.636740,34.10612866666666,-117.71193366666667,2.240360519507133,4.188348153431949,80,0,0.0,251.4
2022-07-03 10:51:40.735803,34.10612916666667,-117.71193283333334,2.3170851955708183,4.243945696221202,80,0,0.0,251.3
2022-07-03 10:51:41.830866,34.106129,-117.71193233333334,2.3631199998034336,4.2254131819581175,80,0,0.0,251.3
2022-07-03 10:51:42.928929,34.10612966666667,-117.711932,2.393809869291844,4.299543237595806,80,0,0.0,251.3
2022-07-03 10:51:44.025991,34.10613033333333,-117.7119315,2.4398446758671186,4.373673293233495,80,0,0.0,251.3
2022-07-03 10:51:45.075051,34.10613033333333,-117.7119315,2.4398446758671186,4.373673293233495,80,0,0.0,251.2
2022-07-03 10:51:46.219117,34.1061315,-117.71193066666666,2.5165693519308037,4.503400890953112,80,0,0.0,251.2
2022-07-03 10:51:47.315179,34.106132,-117.7119305,2.5319142866750086,4.558998433035041,80,0,0.0,251.3
2022-07-03 10:51:48.412242,34.10613333333333,-117.71193,2.577949090907624,4.7072585443104185,80,0,0.0,251.3
2022-07-03 10:51:49.506305,34.10613716666667,-117.71192916666666,2.654673766971309,5.133506365995439,80,FF,0.0,251.5
2022-07-03 10:51:50.606368,34.106139,-117.71192833333333,2.7313984430349936,5.33736401864542,80,FF,0.0,251.4
2022-07-03 10:51:51.704430,34.1061415,-117.71192716666667,2.8388129862444296,5.615351728347739,80,FF,0.0,251.2
2022-07-03 10:51:52.801493,34.106143333333335,-117.71192683333334,2.869502858075499,5.819209382412369,80,FF,0.0,251.3
2022-07-03 10:51:53.899556,34.10614483333333,-117.7119265,2.9001927275639092,5.986002007243507,80,FF,0.0,251.3
2022-07-03 10:51:54.997619,34.106146,-117.71192633333334,2.915537662308114,6.115729605670448,80,FF,0.0,251.3
2022-07-03 10:51:56.095682,34.10614666666667,-117.71192633333334,2.915537662308114,6.189859661308137,80,FF,0.0,251.2
2022-07-03 10:51:57.193744,34.10614733333333,-117.7119265,2.9001927275639092,6.263989716945826,80,FF,0.0,251.2
2022-07-03 10:51:58.291807,34.10614866666667,-117.7119265,2.9001927275639092,6.412249828928527,80,FF,0.0,251.2
2022-07-03 10:51:59.389870,34.106150166666666,-117.71192633333334,2.915537662308114,6.579042453759665,80,FF,0.0,251.3
2022-07-03 10:52:00.487933,34.10615133333334,-117.71192583333334,2.9615724665407295,6.7087700521866065,80,FF,0.0,251.4
2022-07-03 10:52:01.585996,34.106153,-117.711926,2.9462275317965245,6.894095191280828,80,FF,0.0,251.3
2022-07-03 10:52:02.684058,34.1061535,-117.71192616666667,2.9308825970523196,6.949692732655432,80,FF,0.0,251.3
2022-07-03 10:52:03.781121,34.106154,-117.7119255,2.9922623383717992,7.005290274737361,80,FF,0.0,251.4
2022-07-03 10:52:04.878184,34.106155,-117.71192466666666,3.0689870144354843,7.116485358901218,80,FF,0.0,251.4
2022-07-03 10:52:05.974247,34.10615583333333,-117.7119245,3.0843319491796892,7.209147928094667,80,FF,0.0,251.4
2022-07-03 10:52:07.072309,34.106157,-117.7119245,3.0843319491796892,7.338875526521608,80,FF,0.0,251.2
2022-07-03 10:52:08.168372,34.106157,-117.7119245,3.0843319491796892,7.338875526521608,80,FF,0.0,251.4
2022-07-03 10:52:09.264435,34.10615683333333,-117.7119245,3.0843319491796892,7.3203430115512,80,FF,0.0,251.4
2022-07-03 10:52:10.360498,34.1061565,-117.7119235,3.1764015599875792,7.283277983732356,80,FF,0.0,251.3
2022-07-03 10:52:11.458560,34.106156166666665,-117.71192333333333,3.1917464947317846,7.246212955913512,80,FF,0.0,251.3
2022-07-03 10:52:12.556623,34.106155,-117.7119235,3.1764015599875792,7.116485358901218,80,FF,0.0,251.4
2022-07-03 10:52:13.654686,34.1061545,-117.71192366666666,3.1610566252433743,7.06088781681929,80,FF,0.0,251.3
2022-07-03 10:52:14.752749,34.10615416666667,-117.711924,3.1303667534123045,7.023822789000445,80,FF,0.0,251.3
2022-07-03 10:52:15.849811,34.106153666666664,-117.711924,3.1303667534123045,6.968225246918516,80,FF,0.0,251.3
2022-07-03 10:52:16.963875,34.10615283333333,-117.7119245,3.0843319491796892,6.875562677017744,80,FF,0.0,251.4
2022-07-03 10:52:18.044937,34.106151833333335,-117.71192466666666,3.0689870144354843,6.764367593561211,80,FF,0.0,251.4
2022-07-03 10:52:19.081996,34.106151833333335,-117.71192466666666,3.0689870144354843,6.764367593561211,80,FF,0.0,251.4
2022-07-03 10:52:20.206061,34.10615133333334,-117.71192616666667,2.9308825970523196,6.7087700521866065,80,FF,0.0,251.4
2022-07-03 10:52:21.237120,34.10615133333334,-117.71192616666667,2.9308825970523196,6.7087700521866065,80,FF,0.0,251.4
2022-07-03 10:52:22.373185,34.106150166666666,-117.71192733333334,2.823468051500224,6.579042453759665,80,FF,0.0,251.3
2022-07-03 10:52:23.402243,34.106150166666666,-117.71192733333334,2.823468051500224,6.579042453759665,80,FF,0.0,251.4
2022-07-03 10:52:24.530308,34.106149,-117.71192783333333,2.777433247267609,6.449314856747372,80,FF,0.0,251.3
2022-07-03 10:52:25.553367,34.106149,-117.71192783333333,2.777433247267609,6.449314856747372,80,FF,0.0,251.3
2022-07-03 10:52:26.684431,34.106147666666665,-117.71192983333333,2.593294025651829,6.30105474476467,80,FF,0.0,251.3
2022-07-03 10:52:27.762493,34.10614783333333,-117.7119305,2.5319142866750086,6.31958725832043,80,FF,0.0,251.3
2022-07-03 10:52:28.840555,34.1061475,-117.71193083333333,2.5012244171865983,6.282522230501586,80,FF,0.0,251.2
2022-07-03 10:52:29.862613,34.1061475,-117.71193083333333,2.5012244171865983,6.282522230501586,80,FF,0.0,251.2
2022-07-03 10:52:30.992678,34.106146,-117.71193183333334,2.409154804036049,6.115729605670448,80,FF,0.0,251.3
2022-07-03 10:52:32.024737,34.106146,-117.71193183333334,2.409154804036049,6.115729605670448,80,FF,0.0,251.3
2022-07-03 10:52:33.141801,34.1061445,-117.7119335,2.2557054542513386,5.948936979424663,80,FF,0.0,251.4
2022-07-03 10:52:34.163859,34.1061445,-117.7119335,2.2557054542513386,5.948936979424663,80,FF,0.0,251.4
2022-07-03 10:52:35.312925,34.10614433333333,-117.71193433333333,2.1789807781876536,5.930404465868903,80,FF,0.0,251.3
2022-07-03 10:52:36.410988,34.10614416666667,-117.71193433333333,2.1789807781876536,5.911871951605818,80,FF,0.0,251.3
2022-07-03 10:52:37.509050,34.10614366666667,-117.71193483333333,2.1329459739550383,5.856274410231213,80,FF,0.0,251.3
2022-07-03 10:52:38.589112,34.10614316666667,-117.71193566666666,2.056221297891353,5.800676868149285,80,FF,0.0,251.3
2022-07-03 10:52:39.704176,34.106143,-117.711936,2.025531428402943,5.782144354593525,80,FF,0.0,251.3
2022-07-03 10:52:40.801239,34.1061425,-117.711936,2.025531428402943,5.726546811804273,80,FF,0.0,251.3
2022-07-03 10:52:41.898301,34.10614183333333,-117.71193583333333,2.0408763631471483,5.652416756166584,80,FF,0.0,251.4
2022-07-03 10:52:42.996364,34.10614116666667,-117.71193533333333,2.086911169722423,5.578286700528895,80,FF,0.0,251.3
2022-07-03 10:52:44.094427,34.106140333333336,-117.71193483333333,2.1329459739550383,5.485624131335446,80,FF,0.0,251.4
2022-07-03 10:52:45.192490,34.10613983333333,-117.7119345,2.1636358434434486,5.430026588546194,80,FF,0.0,251.3
2022-07-03 10:52:46.290553,34.10614,-117.71193433333333,2.1789807781876536,5.448559103516602,80,FF,0.0,251.4
2022-07-03 10:52:47.387615,34.10613933333333,-117.71193416666667,2.194325715274518,5.374429046464265,80,FF,0.0,251.3
2022-07-03 10:52:48.486678,34.1061385,-117.71193416666667,2.194325715274518,5.281766477270816,80,FF,0.0,251.4
2022-07-03 10:52:49.583741,34.106137333333336,-117.71193466666666,2.148290908699243,5.152038879551199,80,FF,0.0,251.2
2022-07-03 10:52:50.681804,34.10613683333333,-117.711935,2.1176010392108333,5.09644133746927,80,FF,0.0,251.4
2022-07-03 10:52:51.779867,34.106136666666664,-117.71193533333333,2.086911169722423,5.077908823206186,80,FF,0.0,251.3
2022-07-03 10:52:52.877929,34.1061365,-117.7119355,2.071566234978218,5.059376309650426,80,FF,0.0,251.1
2022-07-03 10:52:53.974992,34.10613566666667,-117.71193633333333,1.994841558914533,4.966713739749653,80,FF,0.0,251.4
2022-07-03 10:52:55.072055,34.106136,-117.71193666666667,1.9641516870834632,5.003778767568497,80,FF,0.0,258.1
2022-07-03 10:52:56.173885,34.10613566666667,-117.71193683333334,1.948806752339258,4.966713739749653,80,FF,0.0,274.6
2022-07-03 10:52:57.281487,34.106136,-117.71193633333333,1.994841558914533,5.003778767568497,80,FF,0.0,297.2
2022-07-03 10:52:58.389089,34.106136,-117.71193566666666,2.056221297891353,5.003778767568497,80,FF,0.0,332.8
2022-07-03 10:52:59.496691,34.106137,-117.711935,2.1176010392108333,5.11497385102503,80,FF,0.0,39.4
2022-07-03 10:53:00.604293,34.106137833333335,-117.71193666666667,1.9641516870834632,5.2076364216331275,80,FF,0.0,93.7
2022-07-03 10:53:01.711895,34.106136,-117.71193666666667,1.9641516870834632,5.003778767568497,80,FF,0.0,102.2
2022-07-03 10:53:02.819497,34.106133,-117.71193533333333,2.086911169722423,4.670193516491574,80,FF,0.0,101.7
2022-07-03 10:53:03.927099,34.10613033333333,-117.71193433333333,2.1789807781876536,4.373673293233495,80,FF,0.0,101.3
2022-07-03 10:53:05.034701,34.106132,-117.711937,1.933461817595053,4.558998433035041,80,0,0.0,101.7
2022-07-03 10:53:06.142303,34.106134,-117.71193966666667,1.6879428570024526,4.781388599948107,80,0,0.0,101.7
2022-07-03 10:53:07.249904,34.106133,-117.7119395,1.7032877917466576,4.670193516491574,80,FF,0.0,101.5
2022-07-03 10:53:08.357506,34.1061315,-117.71193933333333,1.7186327264908627,4.503400890953112,80,FF,0.0,101.5
2022-07-03 10:53:09.465108,34.10613016666667,-117.711939,1.7493225959792729,4.355140779677735,80,0,0.0,101.4
2022-07-03 10:53:10.572710,34.106129,-117.71194,1.6572529875140423,4.2254131819581175,80,0,0.0,101.3
2022-07-03 10:53:11.680312,34.106129,-117.711941,1.5651833767061523,4.2254131819581175,80,0,0.0,101.6
2022-07-03 10:53:12.787914,34.1061295,-117.7119425,1.4270789593229876,4.281010724040046,80,0,0.0,101.5
2022-07-03 10:53:13.895516,34.106129333333335,-117.71194433333334,1.258284674794072,4.262478209776962,80,0,0.0,101.6
2022-07-03 10:53:15.003118,34.106129,-117.71194633333333,1.074145453178292,4.2254131819581175,80,0,0.0,101.7
2022-07-03 10:53:16.110720,34.106129,-117.71194716666666,0.9974207794572665,4.2254131819581175,80,0,0.0,101.6
2022-07-03 10:53:17.218322,34.10612783333333,-117.711948,0.9206961033935815,4.095685584238501,80,0,0.0,101.6
2022-07-03 10:53:18.325924,34.10612783333333,-117.71194866666667,0.8593163620741017,4.095685584238501,80,0,0.0,101.5
2022-07-03 10:53:19.433526,34.10612783333333,-117.7119505,0.6905220775451861,4.095685584238501,80,0,0.0,101.4
2022-07-03 10:53:20.541128,34.10612883333334,-117.71195166666666,0.583107531993091,4.206880668402357,80,0,0.0,101.6
2022-07-03 10:53:21.648730,34.1061285,-117.711953,0.46034805169679077,4.169815639876189,80,0,0.0,101.7
2022-07-03 10:53:22.756332,34.10612866666666,-117.711954,0.3682784408889007,4.188348153431949,80,0,0.0,101.5
2022-07-03 10:53:23.863934,34.1061285,-117.7119545,0.32224363431362596,4.169815639876189,80,0,0.0,101.6
2022-07-03 10:53:24.971536,34.106127666666666,-117.71195666666667,0.12275948029630024,4.077153069975417,80,0,0.0,101.4
2022-07-03 10:53:26.079138,34.10612716666667,-117.7119585,-0.04603480657527474,4.021555528600811,80,0,0.0,101.6
2022-07-03 10:53:27.186740,34.10612666666667,-117.7119595,-0.13810441738316478,3.965957986518883,80,0,0.0,110.3
2022-07-03 10:53:28.294341,34.106125666666664,-117.71196033333334,-0.21482909344684972,3.854762902355026,80,0,0.0,137.6
2022-07-03 10:53:29.401943,34.10612666666667,-117.71196033333334,-0.21482909344684972,3.965957986518883,80,0,0.0,168.1
2022-07-03 10:53:30.509545,34.10613166666667,-117.71195866666666,-0.06137974131947984,4.521933405216196,80,0,0.0,193.1
2022-07-03 10:53:31.617147,34.10613566666667,-117.71195866666666,-0.06137974131947984,4.966713739749653,80,FF,0.0,234.1
2022-07-03 10:53:32.724749,34.106137,-117.71195833333333,-0.03068987183106964,5.11497385102503,80,FF,0.0,249.0
2022-07-03 10:53:33.832351,34.10613766666667,-117.711958,0.0,5.189103907370043,80,FF,0.0,248.6
2022-07-03 10:53:34.939953,34.1061375,-117.71195766666666,0.0306898694884102,5.170571393814283,80,FF,0.0,248.4
2022-07-03 10:53:36.047555,34.10613766666667,-117.7119575,0.0460348042326153,5.189103907370043,80,FF,0.0,248.5
2022-07-03 10:53:37.155157,34.106138,-117.711957,0.0920696084652306,5.226168935188888,80,FF,0.0,248.4
2022-07-03 10:53:38.262759,34.106138333333334,-117.71195683333333,0.10741454320943569,5.263233963007732,80,FF,0.0,248.4
2022-07-03 10:53:39.370361,34.10613933333333,-117.711956,0.18413921927312063,5.374429046464265,80,FF,0.0,248.6
2022-07-03 10:53:40.477963,34.10613983333333,-117.71195583333333,0.19948415401732572,5.430026588546194,80,FF,0.0,248.6
2022-07-03 10:53:41.585565,34.106143,-117.71195416666667,0.35293350380203614,5.782144354593525,80,FF,0.0,244.8
2022-07-03 10:53:42.693167,34.106145833333336,-117.7119525,0.506382855929406,6.097197091407364,80,FF,0.0,224.3
2022-07-03 10:53:43.800769,34.10614666666667,-117.711953,0.46034805169679077,6.189859661308137,80,FF,0.0,199.8
2022-07-03 10:53:44.908371,34.106149,-117.71195266666666,0.49103792118520095,6.449314856747372,80,FF,0.0,189.9
2022-07-03 10:53:46.015973,34.1061515,-117.7119515,0.5984524667372961,6.727302565742367,80,FF,0.0,185.6
2022-07-03 10:53:47.123575,34.106153,-117.71195033333333,0.7058670122893912,6.894095191280828,80,FF,0.0,182.3
2022-07-03 10:53:48.231176,34.10615216666667,-117.7119495,0.7825916860104167,6.801432621380055,80,FF,0.0,182.3
2022-07-03 10:53:49.338778,34.106151833333335,-117.71194883333334,0.8439714273298966,6.764367593561211,80,FF,0.0,182.1
2022-07-03 10:53:50.446380,34.1061525,-117.71194916666667,0.8132815578414864,6.838497649198899,80,FF,0.0,182.4
2022-07-03 10:53:51.553982,34.1061545,-117.711947,1.0127657142014714,7.06088781681929,80,FF,0.0,182.2
2022-07-03 10:53:52.661584,34.10615466666667,-117.71194633333333,1.074145453178292,7.079420331082374,80,FF,0.0,182.2
2022-07-03 10:53:53.722386,34.106158,-117.711946,1.1048353250093617,7.450070609978141,80,FF,0.0,182.2
2022-07-03 10:53:54.861188,34.106158,-117.7119455,1.150870129241977,7.450070609978141,80,FF,0.0,182.3
2022-07-03 10:53:55.968790,34.10615716666667,-117.71194533333333,1.166215063986182,7.3574080400773685,80,FF,0.0,182.3
2022-07-03 10:53:57.076392,34.1061565,-117.7119455,1.150870129241977,7.283277983732356,80,FF,0.0,182.1
2022-07-03 10:53:58.183994,34.106158,-117.71194583333333,1.1201802597535666,7.450070609978141,80,FF,0.0,182.3
2022-07-03 10:53:59.291596,34.10615883333333,-117.711946,1.1048353250093617,7.542733179171591,80,FF,0.0,182.1
2022-07-03 10:54:00.399198,34.10616016666667,-117.711946,1.1048353250093617,7.6909932911542915,80,FF,0.0,182.1
2022-07-03 10:54:01.506800,34.106162,-117.71194566666667,1.1355251944977718,7.894850944511598,80,FF,0.0,182.2
2022-07-03 10:54:02.614402,34.10616316666667,-117.71194533333333,1.166215063986182,8.024578542938539,80,FF,0.0,182.2
2022-07-03 10:54:03.722004,34.10616366666667,-117.71194516666667,1.181559998730387,8.080176084313143,80,FF,0.0,182.2
2022-07-03 10:54:04.829606,34.10616433333333,-117.71194516666667,1.181559998730387,8.154306139950833,80,FF,0.0,182.2
2022-07-03 10:54:05.937208,34.10616433333333,-117.711945,1.1969049334745923,8.154306139950833,80,FF,0.0,182.2
2022-07-03 10:54:07.044810,34.10616433333333,-117.71194433333334,1.258284674794072,8.154306139950833,80,FF,0.0,182.2
2022-07-03 10:54:08.152411,34.10616533333334,-117.7119445,1.242939740049867,8.26550122411469,80,FF,0.0,182.2
2022-07-03 10:54:09.603214,34.1061655,-117.71194433333334,1.258284674794072,8.284033738377774,80,FF,0.0,182.1
