datetime,Latitude,Longitude,Cartesian X,Cartesian Y,Thrust Control,Yaw Control,Vehicle Speed (Kn),C True Heading
2022-07-03 11:26:51.525060,,,0,0,0,0,,
2022-07-03 11:26:52.570262,,,0,0,0,0,,245.0
2022-07-03 11:26:53.740264,34.10613716666667,-117.7119235,0,0,0,0,0.0,244.8
2022-07-03 11:26:54.847866,34.106137,-117.71192333333333,9.820746375190188,-6.449314856747372,80,8A,0.0,244.9
2022-07-03 11:26:55.955468,34.106136666666664,-117.71192366666666,9.79005654342659,-6.486379884566216,80,8A,0.0,244.9
2022-07-03 11:26:57.063070,34.1061365,-117.71192366666666,9.79005654342659,-6.504912398121976,80,8A,0.0,245.0
2022-07-03 11:26:58.170672,34.10613683333333,-117.71192416666666,9.74402179343854,-6.467847370303132,80,89,0.0,245.0
2022-07-03 11:26:59.278274,34.106139,-117.71192483333333,9.682642129911345,-6.226924689126982,80,8A,0.0,244.9
2022-07-03 11:27:00.385875,34.1061445,-117.71192533333334,9.636607379923293,-5.615351728347739,80,8B,0.0,247.5
2022-07-03 11:27:01.493477,34.106145,-117.71192433333333,9.72867687755674,-5.559754186265811,80,8B,0.0,264.4
2022-07-03 11:27:02.601079,34.1061465,-117.71192416666666,9.74402179343854,-5.392961560727349,80,76,0.0,287.5
2022-07-03 11:27:03.708681,34.106145833333336,-117.711924,9.759366709320338,-5.467091616365038,80,59,0.0,285.8
2022-07-03 11:27:04.785083,34.1061455,-117.71192416666666,9.74402179343854,-5.504156644891206,80,5A,0.0,285.9
2022-07-03 11:27:05.923885,34.106138333333334,-117.71192266666667,9.882126038717383,-6.30105474476467,80,5A,0.0,285.8
2022-07-03 11:27:07.031487,34.106138333333334,-117.71192166666667,9.974195536350832,-6.30105474476467,80,55,0.0,285.7
2022-07-03 11:27:08.139089,34.1061385,-117.71192033333334,10.096954865747877,-6.282522230501586,80,56,0.0,285.8
2022-07-03 11:27:09.246691,34.106138,-117.71191966666666,10.158334531617728,-6.338119772583514,80,56,0.0,285.8
2022-07-03 11:27:10.354293,34.1061385,-117.71191866666666,10.250404029251177,-6.282522230501586,80,56,0.0,285.8
2022-07-03 11:27:11.461895,34.10613816666667,-117.71191783333333,10.327128608660168,-6.31958725832043,80,56,0.0,284.5
2022-07-03 11:27:12.569497,34.106132833333334,-117.71191733333333,10.373163358648222,-6.912627704836588,80,58,0.0,313.5
2022-07-03 11:27:13.677099,34.10612783333333,-117.71191616666667,10.480577772163468,-7.468603123533901,80,2E,0.0,342.0
2022-07-03 11:27:14.784701,34.1061265,-117.71191666666667,10.434543022175417,-7.616863234809279,80,6,0.0,339.8
2022-07-03 11:27:15.892303,34.1061295,-117.7119175,10.357818442766423,-7.283277983732356,80,8,0.0,339.8
2022-07-03 11:27:16.999905,34.10612783333333,-117.71191583333334,10.511267603927065,-7.468603123533901,80,A,0.0,339.7
2022-07-03 11:27:18.107507,34.106127666666666,-117.711915,10.587992185678715,-7.487135637796985,80,9,0.0,339.6
2022-07-03 11:27:19.215109,34.1061275,-117.711916,10.495922688045267,-7.5056681513527455,80,A,0.0,339.7
2022-07-03 11:27:20.322711,34.106123833333335,-117.71191483333334,10.603337101560513,-7.913383458067358,80,9,0.0,348.6
2022-07-03 11:27:21.430312,34.1061205,-117.7119105,11.002304921515247,-8.284033736963126,80,0,0.0,39.6
2022-07-03 11:27:22.537914,34.1061215,-117.7119095,11.094374419148695,-8.172838653506592,80,0,0.0,41.6
2022-07-03 11:27:23.645516,34.10612166666667,-117.71191016666667,11.0329947556215,-8.154306139950833,80,0,0.0,41.5
2022-07-03 11:27:24.753118,34.10612233333333,-117.7119125,10.818165928591007,-8.080176084313143,80,0,0.0,41.6
2022-07-03 11:27:25.860720,34.106122,-117.71191483333334,10.603337101560513,-8.117241112131987,80,0,0.0,42.0
2022-07-03 11:27:26.968322,34.106123,-117.71191566666667,10.526612519808864,-8.006046028675454,80,0,0.0,41.5
2022-07-03 11:27:28.075924,34.106124666666666,-117.7119165,10.449887938057214,-7.820720888873909,80,0,0.0,42.0
2022-07-03 11:27:29.183526,34.10612533333333,-117.711917,10.40385319041182,-7.746590833236221,80,0,0.0,41.8
2022-07-03 11:27:30.291128,34.10612666666667,-117.711917,10.40385319041182,-7.598330721253519,80,0,0.0,41.7
2022-07-03 11:27:31.398730,34.10612866666666,-117.71191783333333,10.327128608660168,-7.375940554340453,80,0,0.0,41.8
2022-07-03 11:27:32.506332,34.106129333333335,-117.71191933333333,10.189024363381325,-7.30181049799544,80,0,0.0,41.7
2022-07-03 11:27:33.613934,34.10613,-117.71192216666667,9.928160788705437,-7.227680442357752,80,0,0.0,41.8
2022-07-03 11:27:34.721536,34.10613033333333,-117.7119225,9.897470954599184,-7.1906154145389065,80,0,0.0,41.7
2022-07-03 11:27:35.829138,34.10613083333333,-117.71192316666666,9.83609129107199,-7.135017872456978,80,0,0.0,41.6
2022-07-03 11:27:36.936740,34.106130666666665,-117.71192233333333,9.912815872823638,-7.153550386720062,80,0,0.0,31.7
2022-07-03 11:27:38.044342,34.106130666666665,-117.711923,9.851436206953785,-7.153550386720062,80,0,0.0,38.7
2022-07-03 11:27:39.151944,34.10613033333333,-117.7119235,9.805401459308392,-7.1906154145389065,80,0,0.0,38.3
2022-07-03 11:27:40.259546,34.1061295,-117.71192383333333,9.774711625202137,-7.283277983732356,80,0,0.0,38.3
2022-07-03 11:27:41.367147,34.106129,-117.71192383333333,9.774711625202137,-7.338875525814284,80,0,0.0,38.2
2022-07-03 11:27:42.474749,34.1061285,-117.71192366666666,9.79005654342659,-7.394473067896213,80,0,0.0,38.2
2022-07-03 11:27:43.582351,34.10612833333333,-117.711923,9.851436206953785,-7.413005582159297,80,0,0.0,38.4
2022-07-03 11:27:44.689953,34.106128,-117.71192083333334,10.050920118102482,-7.450070609978141,80,0,0.0,38.6
2022-07-03 11:27:45.797555,34.10612666666667,-117.71192033333334,10.096954865747877,-7.598330721253519,80,0,0.0,38.1
2022-07-03 11:27:46.905157,34.10612616666667,-117.71192216666667,9.928160788705437,-7.653928262628123,80,0,0.0,54.9
2022-07-03 11:27:48.012759,34.10612533333333,-117.71192383333333,9.774711625202137,-7.746590833236221,80,0,0.0,36.7
2022-07-03 11:27:49.120361,34.1061265,-117.7119225,9.897470954599184,-7.616863234809279,80,0,0.0,338.7
2022-07-03 11:27:50.227963,34.1061255,-117.71192133333334,10.00488536811443,-7.728058318973136,80,8,0.0,341.3
2022-07-03 11:27:51.335565,34.106125,-117.71192,10.127644697511474,-7.783655861055065,80,5,0.0,342.1
2022-07-03 11:27:52.396367,34.106124666666666,-117.7119195,10.173679447499527,-7.820720888873909,80,4,0.0,342.0
2022-07-03 11:27:53.535169,34.1061225,-117.71191866666666,10.250404029251177,-8.061643570050059,80,4,0.0,341.9
2022-07-03 11:27:54.642771,34.10612116666667,-117.71191783333333,10.327128608660168,-8.209903681325438,80,3,0.0,342.1
2022-07-03 11:27:55.750373,34.10611933333333,-117.71191533333334,10.557302351572462,-8.413761335390067,80,2,0.0,342.1
2022-07-03 11:27:56.857975,34.10611983333333,-117.71191483333334,10.603337101560513,-8.358163794015462,80,1,0.0,341.9
2022-07-03 11:27:57.965577,34.106118333333335,-117.71191316666666,10.756786262721157,-8.5249564188466,80,2,0.0,341.7
2022-07-03 11:27:59.073179,34.10611633333333,-117.71191416666667,10.664716765087707,-8.74734658646699,80,2,0.0,343.7
2022-07-03 11:28:00.180781,34.1061145,-117.71191416666667,10.664716765087707,-8.95120424053162,80,0,0.0,334.8
2022-07-03 11:28:01.272782,34.1061145,-117.71191366666666,10.71075151507576,-8.95120424053162,80,8,0.0,303.1
2022-07-03 11:28:02.395984,34.10611433333333,-117.711914,10.680061683312163,-8.96973675408738,80,32,0.0,267.9
2022-07-03 11:28:03.503586,34.106112333333336,-117.711918,10.311783692778372,-9.192126921000446,80,60,0.0,267.6
2022-07-03 11:28:04.611188,34.106111,-117.71191816666666,10.296438776896572,-9.340387032983148,80,5E,0.0,267.4
2022-07-03 11:28:05.718790,34.1061105,-117.71191733333333,10.373163358648222,-9.395984575065077,80,5E,0.0,267.6
2022-07-03 11:28:06.826392,34.1061105,-117.7119165,10.449887938057214,-9.395984575065077,80,5D,0.0,267.6
2022-07-03 11:28:07.933994,34.10611016666667,-117.711916,10.495922688045267,-9.433049602883921,80,5D,0.0,267.7
2022-07-03 11:28:09.041596,34.106109333333336,-117.71191483333334,10.603337101560513,-9.52571217207737,80,5D,0.0,267.7
2022-07-03 11:28:10.149198,34.10611033333333,-117.71191466666667,10.618682017442312,-9.414517088620837,80,5D,0.0,267.7
2022-07-03 11:28:11.256800,34.10611016666667,-117.711914,10.680061683312163,-9.433049602883921,80,5E,0.0,246.8
2022-07-03 11:28:12.364402,34.106108666666664,-117.711914,10.680061683312163,-9.599842228422382,80,79,0.0,243.6
2022-07-03 11:28:13.472004,34.106107,-117.711915,10.587992185678715,-9.785167367516605,80,7D,0.0,243.8
2022-07-03 11:28:14.579606,34.10610166666667,-117.71191583333334,10.511267603927065,-10.378207814032763,80,7B,0.0,244.1
2022-07-03 11:28:15.687208,34.10610033333333,-117.711916,10.495922688045267,-10.526467926722788,80,78,0.0,243.9
2022-07-03 11:28:16.794810,34.1061005,-117.7119165,10.449887938057214,-10.507935412459704,80,77,0.0,244.1
2022-07-03 11:28:17.902412,34.10610766666667,-117.71191766666666,10.342473526884625,-9.711037311878915,80,77,0.0,244.1
2022-07-03 11:28:19.010014,34.106110666666666,-117.711919,10.21971419748758,-9.377452060801993,80,7A,0.0,244.0
2022-07-03 11:28:20.117616,34.106107333333334,-117.71191883333333,10.235059113369378,-9.748102339697759,80,7C,0.0,247.9
2022-07-03 11:28:21.225217,34.10612366666667,-117.7119285,9.34505397114115,-7.931915972330442,80,75,0.0,257.2
2022-07-03 11:28:22.332819,34.10614,-117.71193783333334,8.485738663019177,-6.1157296042558,80,70,0.0,284.3
2022-07-03 11:28:23.440421,34.1061475,-117.71194366666667,7.948666595442943,-5.281766477270816,80,56,0.0,289.4
2022-07-03 11:28:24.548023,34.10614016666667,-117.7119395,8.332289501858535,-6.09719709070004,80,54,0.0,289.5
2022-07-03 11:28:25.655625,34.1061395,-117.7119365,8.60849799475888,-6.171327147045053,80,4F,0.0,289.7
2022-07-03 11:28:26.763227,34.10613816666667,-117.71193333333333,8.900051401198365,-6.31958725832043,80,4F,0.0,289.7
2022-07-03 11:28:27.870829,34.106136666666664,-117.7119305,9.16091497821691,-6.486379884566216,80,4E,0.0,289.4
2022-07-03 11:28:28.978431,34.10613466666667,-117.711928,9.391088721129204,-6.7087700514792825,80,4E,0.0,287.2
2022-07-03 11:28:30.086033,34.10613266666667,-117.71192366666666,9.79005654342659,-6.931160219099672,80,50,0.0,333.3
2022-07-03 11:28:31.193635,34.106133666666665,-117.71192383333333,9.774711625202137,-6.819965135643139,80,13,0.0,343.5
2022-07-03 11:28:32.301237,34.106132833333334,-117.71192533333334,9.636607379923293,-6.912627704836588,80,7,0.0,344.6
2022-07-03 11:28:33.362039,34.106132833333334,-117.71192533333334,9.636607379923293,-6.912627704836588,80,4,0.0,344.7
2022-07-03 11:28:34.516441,34.106133666666665,-117.711928,9.391088721129204,-6.819965135643139,80,4,0.0,344.6
2022-07-03 11:28:35.624043,34.10613583333333,-117.71192733333334,9.452468384656397,-6.579042453759665,80,4,0.0,357.0
2022-07-03 11:28:36.731645,34.10613516666667,-117.71192733333334,9.452468384656397,-6.653172509397353,80,0,0.0,41.3
2022-07-03 11:28:37.839247,34.10613583333333,-117.71192716666667,9.467813300538195,-6.579042453759665,80,0,0.0,50.4
2022-07-03 11:28:38.946849,34.10613766666667,-117.71192583333334,9.590572629935242,-6.375184800402359,80,0,0.0,50.9
2022-07-03 11:28:40.054451,34.106138666666666,-117.7119235,9.805401459308392,-6.263989716945826,80,0,0.0,50.9
2022-07-03 11:28:41.162053,34.10613816666667,-117.71192483333333,9.682642129911345,-6.31958725832043,80,0,0.0,51.1
2022-07-03 11:28:42.254054,34.10613766666667,-117.71192466666666,9.697987045793143,-6.375184800402359,80,0,0.0,50.9
2022-07-03 11:28:43.377256,34.10613766666667,-117.71192366666666,9.79005654342659,-6.375184800402359,80,0,0.0,51.1
2022-07-03 11:28:44.484858,34.1061355,-117.71192416666666,9.74402179343854,-6.616107481578509,80,0,0.0,51.0
2022-07-03 11:28:45.561260,34.106136666666664,-117.7119225,9.897470954599184,-6.486379884566216,80,0,0.0,50.9
2022-07-03 11:28:46.700062,34.106136666666664,-117.7119215,9.989540452232632,-6.486379884566216,80,0,0.0,50.9
2022-07-03 11:28:47.807664,34.106137333333336,-117.71192,10.127644697511474,-6.412249828221203,80,0,0.0,50.9
2022-07-03 11:28:48.915266,34.10613716666667,-117.71191983333334,10.142989613393272,-6.430782341776963,80,0,0.0,51.0
2022-07-03 11:28:50.022868,34.10613433333333,-117.71191716666667,10.38850827453002,-6.745835080005451,80,0,0.0,51.0
2022-07-03 11:28:51.130470,34.1061345,-117.71191666666667,10.434543022175417,-6.727302565035043,80,0,0.0,51.0
2022-07-03 11:28:52.238072,34.106133,-117.71191416666667,10.664716765087707,-6.894095191280828,80,0,0.0,50.9
2022-07-03 11:28:53.345674,34.106133666666665,-117.71191366666666,10.71075151507576,-6.819965135643139,80,0,0.0,50.9
2022-07-03 11:28:54.453276,34.106135333333334,-117.71191266666666,10.80282101270921,-6.634639995841593,80,0,0.0,50.9
2022-07-03 11:28:55.514078,34.106135333333334,-117.71191266666666,10.80282101270921,-6.634639995841593,80,0,0.0,51.1
2022-07-03 11:28:56.668480,34.106132333333335,-117.71190933333334,11.109719335030492,-6.968225246918516,80,0,0.0,51.0
2022-07-03 11:28:57.776082,34.1061335,-117.711909,11.140409169136747,-6.838497649198899,80,0,0.0,51.0
2022-07-03 11:28:58.868084,34.10613216666667,-117.71190533333333,11.477997325564285,-6.986757760474276,80,0,0.0,51.0
2022-07-03 11:28:59.960086,34.106131833333336,-117.71190483333334,11.524032073209682,-7.0238227882931215,80,0,0.0,51.0
2022-07-03 11:29:00.989687,34.106131833333336,-117.71190483333334,11.524032073209682,-7.0238227882931215,80,0,0.0,51.0
2022-07-03 11:29:02.128489,34.10612966666667,-117.71190766666666,11.263168498533792,-7.264745470176596,80,0,0.0,50.9
2022-07-03 11:29:03.204891,34.106129333333335,-117.71190833333333,11.201788835006598,-7.30181049799544,80,0,0.0,51.0
2022-07-03 11:29:04.265693,34.10612866666666,-117.711907,11.324548164403643,-7.375940554340453,80,0,0.0,51.0
2022-07-03 11:29:05.388895,34.10612866666666,-117.71190666666666,11.35523799616724,-7.375940554340453,80,0,0.0,51.0
2022-07-03 11:29:06.480897,34.1061285,-117.71190783333333,11.247823582651995,-7.394473067896213,80,0,0.0,51.0
2022-07-03 11:29:07.541699,34.106127666666666,-117.7119135,10.72609643095756,-7.487135637796985,80,0,0.0,51.0
2022-07-03 11:29:08.664901,34.1061275,-117.71191433333334,10.64937184920591,-7.5056681513527455,80,0,0.0,51.1
2022-07-03 11:29:09.694503,34.1061275,-117.71191433333334,10.64937184920591,-7.5056681513527455,80,0,0.0,51.1
2022-07-03 11:29:10.833305,34.106128,-117.7119145,10.63402693332411,-7.450070609978141,80,0,0.0,51.1
2022-07-03 11:29:11.925307,34.106128166666664,-117.71191466666667,10.618682017442312,-7.431538095715057,80,0,0.0,51.0
2022-07-03 11:29:13.017308,34.106128,-117.71191416666667,10.664716765087707,-7.450070609978141,80,0,0.0,50.9
2022-07-03 11:29:14.046910,34.106128,-117.71191416666667,10.664716765087707,-7.450070609978141,80,0,0.0,50.9
2022-07-03 11:29:15.185712,34.10612483333333,-117.7119135,10.72609643095756,-7.802188374610825,80,0,0.0,51.0
2022-07-03 11:29:16.277714,34.1061225,-117.71191516666667,10.57264726745426,-8.061643570050059,80,0,0.0,51.0
2022-07-03 11:29:17.338516,34.10611983333333,-117.7119195,10.173679447499527,-8.358163794015462,80,0,0.0,50.9
2022-07-03 11:29:18.446118,34.10612,-117.711919,10.21971419748758,-8.339631279752378,80,0,0.0,51.0
2022-07-03 11:29:19.475720,34.10612,-117.711919,10.21971419748758,-8.339631279752378,80,0,0.0,51.0
2022-07-03 11:29:20.630122,34.106117,-117.711919,10.21971419748758,-8.6732165308293,80,0,0.0,50.9
2022-07-03 11:29:21.737724,34.1061165,-117.71192,10.127644697511474,-8.72881407291123,80,0,0.0,51.0
2022-07-03 11:29:22.845326,34.106114833333336,-117.71192116666667,10.020230283996229,-8.914139212005452,80,0,0.0,51.1
2022-07-03 11:29:23.952928,34.10611516666667,-117.71192233333333,9.912815872823638,-8.877074184186608,80,0,0.0,51.0
2022-07-03 11:29:25.060530,34.106116,-117.71192366666666,9.79005654342659,-8.784411614285835,80,0,0.0,51.0
2022-07-03 11:29:26.168132,34.106116666666665,-117.71192433333333,9.72867687755674,-8.710281558648147,80,0,0.0,51.1
2022-07-03 11:29:27.291334,34.106115833333334,-117.711926,9.575227714053442,-8.80294412854892,80,0,0.0,51.0
2022-07-03 11:29:28.320935,34.106115833333334,-117.711926,9.575227714053442,-8.80294412854892,80,0,0.0,51.0
2022-07-03 11:29:29.459737,34.10611733333333,-117.71192683333334,9.49850313464445,-8.636151503010456,80,0,0.0,51.1
2022-07-03 11:29:30.551739,34.106116666666665,-117.71193166666667,9.053500562359007,-8.710281558648147,80,0,0.0,51.0
2022-07-03 11:29:31.643741,34.106116166666666,-117.711932,9.02281073059541,-8.765879100730075,80,0,0.0,51.0
2022-07-03 11:29:32.735743,34.106116,-117.711934,8.83867173767117,-8.784411614285835,80,0,0.0,51.0
2022-07-03 11:29:33.780945,34.10611516666667,-117.71193516666666,8.731257324155925,-8.877074184186608,80,0,0.0,50.9
2022-07-03 11:29:34.904147,34.1061155,-117.71193733333334,8.53177341300723,-8.840009156367763,80,0,0.0,51.0
2022-07-03 11:29:35.996149,34.106116166666666,-117.71193883333333,8.393669167728385,-8.765879100730075,80,0,0.0,51.0
2022-07-03 11:29:37.088151,34.106116,-117.71193983333333,8.301599670094937,-8.784411614285835,80,0,0.0,51.1
2022-07-03 11:29:38.180153,34.106116,-117.71194133333333,8.163495424816093,-8.784411614285835,80,0,0.0,51.1
2022-07-03 11:29:39.240955,34.1061155,-117.71194216666666,8.086770843064444,-8.840009156367763,80,0,0.0,51.1
2022-07-03 11:29:40.348556,34.106115,-117.7119425,8.05608100895819,-8.895606697742368,80,0,0.0,51.1
2022-07-03 11:29:41.440558,34.106114166666664,-117.71194266666667,8.04073609307639,-8.988269268350464,80,0,0.0,51.0
2022-07-03 11:29:42.532560,34.10611433333333,-117.71194433333334,7.887286931915749,-8.96973675408738,80,0,0.0,51.1
2022-07-03 11:29:43.624562,34.1061135,-117.71194416666667,7.902631847797547,-9.062399323988153,80,0,0.0,51.0
2022-07-03 11:29:44.716564,34.106112833333334,-117.71194383333334,7.9333216795611445,-9.136529379625841,80,0,0.0,51.1
2022-07-03 11:29:45.792966,34.106112,-117.711945,7.825907266045898,-9.229191948819292,80,0,0.0,51.0
2022-07-03 11:29:46.900568,34.106110666666666,-117.711946,7.733837770755106,-9.377452060801993,80,0,0.0,51.0
2022-07-03 11:29:47.992570,34.10610883333333,-117.71194633333333,7.703147936648853,-9.581309714866622,80,0,0.0,51.0
2022-07-03 11:29:49.084572,34.10610783333333,-117.71194533333333,7.795217434282301,-9.692504798323155,80,0,0.0,51.1
2022-07-03 11:29:50.114174,34.10610783333333,-117.71194533333333,7.795217434282301,-9.692504798323155,80,0,0.0,51.1
2022-07-03 11:29:51.252976,34.106106,-117.71194533333333,7.795217434282301,-9.896362451680462,80,0,0.0,51.0
2022-07-03 11:29:52.344978,34.106105166666666,-117.71194533333333,7.795217434282301,-9.989025021581234,80,0,0.0,51.0
2022-07-03 11:29:53.436979,34.106104333333334,-117.71194583333333,7.749182686636905,-10.081687590774683,80,0,0.0,50.9
2022-07-03 11:29:54.528981,34.106103833333336,-117.71194816666667,7.5343538572637545,-10.137285132856611,80,0,0.0,51.0
2022-07-03 11:29:55.620983,34.10610416666667,-117.71194883333334,7.472974193736561,-10.100220105037767,80,0,0.0,51.0
2022-07-03 11:29:56.666185,34.10610416666667,-117.71194883333334,7.472974193736561,-10.100220105037767,80,0,0.0,51.0
2022-07-03 11:29:57.804987,34.1061045,-117.71194783333334,7.5650436913700085,-10.063155077218923,80,0,0.0,51.0
2022-07-03 11:29:58.850189,34.1061045,-117.71194783333334,7.5650436913700085,-10.063155077218923,80,0,0.0,51.0
2022-07-03 11:29:59.988991,34.1061035,-117.71194716666666,7.626423357239859,-10.174350160675456,80,0,0.0,51.0
2022-07-03 11:30:01.018593,34.1061035,-117.71194716666666,7.626423357239859,-10.174350160675456,80,0,0.0,51.0
2022-07-03 11:30:02.157395,34.106102666666665,-117.7119475,7.595733525476262,-10.26701273057623,80,0,0.0,51.0
2022-07-03 11:30:03.218197,34.106103,-117.7119485,7.503664025500158,-10.229947702757384,80,0,0.0,51.1
2022-07-03 11:30:04.325799,34.106103833333336,-117.7119495,7.41159452786671,-10.137285132856611,80,FF,0.0,50.9
2022-07-03 11:30:05.355400,34.106103833333336,-117.7119495,7.41159452786671,-10.137285132856611,80,0,0.0,50.9
2022-07-03 11:30:06.494202,34.10610366666667,-117.71195016666667,7.350214864339516,-10.155817646412372,80,0,0.0,50.9
2022-07-03 11:30:07.586204,34.10610333333333,-117.71195,7.365559780221314,-10.19288267493854,80,FF,0.0,51.0
2022-07-03 11:30:08.693806,34.10610233333333,-117.71194983333334,7.380904696103113,-10.304077758395074,80,FF,0.0,50.9
2022-07-03 11:30:09.801408,34.1061015,-117.71195,7.365559780221314,-10.396740328295847,80,FF,0.0,51.0
2022-07-03 11:30:10.909010,34.10609983333333,-117.71195033333333,7.334869948457717,-10.582065468097392,80,FF,0.0,51.0
2022-07-03 11:30:12.016612,34.106098333333335,-117.71194933333334,7.426939446091165,-10.74885809292853,80,FF,0.0,51.0
2022-07-03 11:30:13.124214,34.1060965,-117.7119485,7.503664025500158,-10.95271574699316,80,FF,0.0,51.0
2022-07-03 11:30:14.153816,34.1060965,-117.7119485,7.503664025500158,-10.95271574699316,80,FF,0.0,51.0
2022-07-03 11:30:15.292618,34.106094666666664,-117.711948,7.54969877548821,-11.15657340105779,80,FF,0.0,51.0
2022-07-03 11:30:16.322220,34.106094666666664,-117.711948,7.54969877548821,-11.15657340105779,80,FF,0.0,51.0
2022-07-03 11:30:17.461022,34.1060955,-117.711949,7.457629277854762,-11.063910830449693,80,FF,0.0,51.0
2022-07-03 11:30:18.490623,34.1060955,-117.711949,7.457629277854762,-11.063910830449693,80,FF,0.0,51.0
2022-07-03 11:30:19.629425,34.106098,-117.71195266666666,7.120041121427223,-10.785923120747373,80,FF,0.0,51.0
2022-07-03 11:30:20.690227,34.10609916666667,-117.71195516666667,6.889867378514932,-10.65619552373508,80,FF,0.0,51.0
2022-07-03 11:30:21.813429,34.1061,-117.71195633333333,6.782452964999686,-10.563532953834308,80,FF,0.0,51.0
2022-07-03 11:30:22.905431,34.10610066666667,-117.71195733333333,6.690383467366236,-10.489402897489295,80,FF,0.0,51.1
2022-07-03 11:30:23.935033,34.10610066666667,-117.71195733333333,6.690383467366236,-10.489402897489295,80,FF,0.0,51.1
2022-07-03 11:30:25.073835,34.106102166666666,-117.71195966666667,6.475554640335743,-10.322610272658158,80,FF,0.0,51.1
2022-07-03 11:30:26.165837,34.1061025,-117.71195983333334,6.460209724453945,-10.285545244839314,80,FF,0.0,50.9
2022-07-03 11:30:27.273439,34.106103,-117.71196016666667,6.429519890347691,-10.229947702757384,80,FF,0.0,50.9
2022-07-03 11:30:28.303041,34.106103,-117.71196016666667,6.429519890347691,-10.229947702757384,80,FF,0.0,50.9
2022-07-03 11:30:29.441843,34.106103833333336,-117.71196133333333,6.3221054791751,-10.137285132856611,80,FF,0.0,51.0
2022-07-03 11:30:30.533845,34.10610583333333,-117.71196366666666,6.107276652144607,-9.914894965943546,80,FF,0.0,51.0
2022-07-03 11:30:31.625847,34.10610716666667,-117.71196583333334,5.907792740995912,-9.766634853960845,80,FF,0.0,51.1
