datetime,Latitude,Longitude,Cartesian X,Cartesian Y,Thrust Control,Yaw Control,Vehicle Speed (Kn),C True Heading
2022-07-03 11:17:14.776447,,,0,0,0,0,,
2022-07-03 11:17:15.821649,,,0,0,0,0,,
2022-07-03 11:17:16.960451,34.106127666666666,-117.71188966666666,0,0,0,0,0.0,252.7
2022-07-03 11:17:18.068053,34.106128,-117.71188983333333,12.90507453302609,-7.450070609978141,80,CE,0.0,252.5
2022-07-03 11:17:19.175655,34.106129,-117.71188983333333,12.90507453302609,-7.338875525814284,80,CE,0.0,252.6
2022-07-03 11:17:20.252057,34.10612866666666,-117.71189033333333,12.859039785380695,-7.375940554340453,80,CE,0.0,252.6
2022-07-03 11:17:21.375259,34.10612916666667,-117.7118905,12.843694869498895,-7.3203430115512,80,CE,0.0,252.6
2022-07-03 11:17:22.467260,34.106131833333336,-117.7118905,12.843694869498895,-7.0238227882931215,80,CE,0.0,252.7
2022-07-03 11:17:23.590462,34.106132833333334,-117.71189016666666,12.874384701262493,-6.912627704836588,80,CD,0.0,252.7
2022-07-03 11:17:24.698064,34.1061335,-117.7118905,12.843694869498895,-6.838497649198899,80,CC,0.0,252.7
2022-07-03 11:17:25.805666,34.10613416666666,-117.71189033333333,12.859039785380695,-6.764367593561211,80,CC,0.0,252.5
2022-07-03 11:17:26.913268,34.106134833333336,-117.71189016666666,12.874384701262493,-6.6902375372161975,80,CC,0.0,252.7
2022-07-03 11:17:28.020870,34.106135,-117.71188983333333,12.90507453302609,-6.671705023660437,80,CC,0.0,252.6
2022-07-03 11:17:29.128472,34.106136,-117.71189,12.889729617144292,-6.560509940203905,80,CB,0.0,252.6
2022-07-03 11:17:30.236074,34.106135333333334,-117.71188983333333,12.90507453302609,-6.634639995841593,80,CB,0.0,252.6
2022-07-03 11:17:31.343676,34.1061355,-117.71189016666666,12.874384701262493,-6.616107481578509,80,CB,0.0,252.7
2022-07-03 11:17:32.388878,34.1061365,-117.71189016666666,12.874384701262493,-6.504912398121976,80,CB,0.0,252.6
2022-07-03 11:17:33.512080,34.10613716666667,-117.71189,12.889729617144292,-6.430782341776963,80,CB,0.0,252.6
2022-07-03 11:17:34.619682,34.10613716666667,-117.71189016666666,12.874384701262493,-6.430782341776963,80,CB,0.0,252.6
2022-07-03 11:17:35.711684,34.1061375,-117.71189,12.889729617144292,-6.393717313958119,80,CB,0.0,252.6
2022-07-03 11:17:36.803686,34.10613883333333,-117.71189,12.889729617144292,-6.245457202682742,80,CB,0.0,252.5
2022-07-03 11:17:37.895688,34.106139666666664,-117.71189,12.889729617144292,-6.152794633489293,80,CA,0.0,252.7
2022-07-03 11:17:38.987689,34.1061395,-117.71188983333333,12.90507453302609,-6.171327147045053,80,CA,0.0,252.6
2022-07-03 11:17:40.095291,34.106139666666664,-117.71189016666666,12.874384701262493,-6.152794633489293,80,CA,0.0,252.6
2022-07-03 11:17:41.202893,34.106139166666665,-117.71189083333333,12.813005035392642,-6.2083921748638975,80,CA,0.0,252.4
2022-07-03 11:17:42.310495,34.10613983333333,-117.711891,12.797660119510843,-6.134262119226208,80,CA,0.0,252.7
2022-07-03 11:17:43.418097,34.106139666666664,-117.71189133333333,12.766970287747245,-6.152794633489293,80,CA,0.0,252.7
2022-07-03 11:17:44.525699,34.106139666666664,-117.71189033333333,12.859039785380695,-6.152794633489293,80,CA,0.0,252.7
2022-07-03 11:17:45.633301,34.10614066666667,-117.71189083333333,12.813005035392642,-6.0415995486181115,80,CA,0.0,252.6
2022-07-03 11:17:46.740903,34.106140833333335,-117.71189083333333,12.813005035392642,-6.023067035062351,80,C9,0.0,252.6
2022-07-03 11:17:47.848505,34.106141,-117.71189116666666,12.782315203629045,-6.004534520799267,80,C9,0.0,252.4
2022-07-03 11:17:48.956107,34.106141,-117.71189233333334,12.674900790113798,-6.004534520799267,80,C9,0.0,235.0
2022-07-03 11:17:50.063709,34.10614016666667,-117.7118935,12.567486376598552,-6.09719709070004,80,BA,0.0,201.8
2022-07-03 11:17:51.171311,34.10613766666667,-117.7118935,12.567486376598552,-6.375184800402359,80,9D,0.0,143.7
2022-07-03 11:17:52.278913,34.106137833333335,-117.71189333333334,12.58283129248035,-6.3566522861392745,80,6C,0.0,76.3
2022-07-03 11:17:53.386515,34.1061375,-117.71189266666667,12.644210956007544,-6.393717313958119,80,31,0.0,74.4
2022-07-03 11:17:54.494117,34.106136666666664,-117.7118935,12.567486376598552,-6.486379884566216,80,2F,0.0,75.6
2022-07-03 11:17:55.586119,34.106130666666665,-117.71189216666667,12.690245705995597,-7.153550386720062,80,31,0.0,75.6
2022-07-03 11:17:56.709321,34.1061285,-117.71189133333333,12.766970287747245,-7.394473067896213,80,33,0.0,75.5
2022-07-03 11:17:57.816923,34.10612733333333,-117.71189033333333,12.859039785380695,-7.5242006656158305,80,33,0.0,75.4
2022-07-03 11:17:58.924524,34.106125666666664,-117.71188966666666,12.92041944890789,-7.709525805417376,80,34,0.0,75.8
2022-07-03 11:18:00.032126,34.106123833333335,-117.71188933333333,12.951109280671487,-7.913383458067358,80,34,0.0,75.5
2022-07-03 11:18:01.139728,34.106123,-117.71189,12.889729617144292,-8.006046028675454,80,35,0.0,75.6
2022-07-03 11:18:02.247330,34.10612233333333,-117.71189066666666,12.82834995127444,-8.080176084313143,80,35,0.0,75.8
2022-07-03 11:18:03.354932,34.106121,-117.71189016666666,12.874384701262493,-8.228436195588522,80,36,0.0,75.7
2022-07-03 11:18:04.462534,34.106119,-117.71188966666666,12.92041944890789,-8.450826363208911,80,36,0.0,75.4
2022-07-03 11:18:05.570136,34.106116166666666,-117.71189066666666,12.82834995127444,-8.765879100730075,80,36,0.0,75.6
2022-07-03 11:18:06.677738,34.10611566666667,-117.711892,12.705590621877395,-8.82147664210468,80,38,0.0,75.5
2022-07-03 11:18:07.785340,34.10611516666667,-117.71189333333334,12.58283129248035,-8.877074184186608,80,38,0.0,75.5
2022-07-03 11:18:08.892942,34.106114,-117.71189333333334,12.58283129248035,-9.006801781906224,80,38,0.0,75.5
2022-07-03 11:18:10.000544,34.106112833333334,-117.71189366666667,12.552141460716753,-9.136529379625841,80,39,0.0,75.7
2022-07-03 11:18:11.108146,34.10611266666667,-117.711894,12.521451626610498,-9.155061893181601,80,39,0.0,75.8
2022-07-03 11:18:12.215748,34.10611216666667,-117.711894,12.521451626610498,-9.21065943526353,80,39,0.0,75.7
2022-07-03 11:18:13.323350,34.106111,-117.7118935,12.567486376598552,-9.340387032983148,80,39,0.0,75.6
2022-07-03 11:18:14.430952,34.10611,-117.71189333333334,12.58283129248035,-9.451582116439681,80,3A,0.0,75.6
2022-07-03 11:18:15.538554,34.106109833333335,-117.71189216666667,12.690245705995597,-9.470114630702765,80,3A,0.0,75.6
2022-07-03 11:18:16.661756,34.10610883333333,-117.711891,12.797660119510843,-9.581309714866622,80,3A,0.0,75.5
2022-07-03 11:18:17.769358,34.106108,-117.71188916666667,12.966454198895942,-9.67397228406007,80,3A,0.0,75.6
2022-07-03 11:18:18.876960,34.1061085,-117.71188883333333,12.99714403065954,-9.618374742685466,80,3A,0.0,75.6
2022-07-03 11:18:19.984561,34.10610883333333,-117.711889,12.98179911477774,-9.581309714866622,80,3A,0.0,75.6
2022-07-03 11:18:21.045363,34.10610883333333,-117.711889,12.98179911477774,-9.581309714866622,80,3A,0.0,75.7
2022-07-03 11:18:22.184165,34.10610783333333,-117.7118885,13.027833862423137,-9.692504798323155,80,3A,0.0,75.8
2022-07-03 11:18:23.291767,34.106107333333334,-117.71188816666667,13.058523694186734,-9.748102339697759,80,3A,0.0,75.5
2022-07-03 11:18:24.399369,34.1061065,-117.7118875,13.119903360056584,-9.840764909598533,80,3A,0.0,75.7
2022-07-03 11:18:25.460171,34.1061065,-117.7118875,13.119903360056584,-9.840764909598533,80,3B,0.0,75.7
2022-07-03 11:22:05.046157,34.10610616666666,-117.71188666666667,13.196627939465577,-9.877829938124702,80,3B,0.0,75.7
2022-07-03 11:22:06.153759,34.1061065,-117.711886,13.258007605335427,-9.840764909598533,80,3B,0.0,75.5
