datetime,Latitude,Longitude,Cartesian X,Cartesian Y,Thrust Control,Yaw Control,Vehicle Speed (Kn),C True Heading
2022-07-03 10:34:56.291888,,,0,0,0,0,,
2022-07-03 10:34:57.368290,,,0,0,0,0,,
2022-07-03 10:34:58.522692,34.10616366666667,-117.71199083333333,0,0,0,0,0.0,159.3
2022-07-03 10:34:59.630294,34.1061635,-117.711991,-3.038297144947074,8.061643570757383,80,0,0.0,159.4
2022-07-03 10:35:00.722296,34.106162833333336,-117.71199166666666,-3.099676886266554,7.987513515119694,80,0,0.0,159.4
2022-07-03 10:35:01.845498,34.106162833333336,-117.711993,-3.222436366562854,7.987513515119694,80,0,0.0,159.4
2022-07-03 10:35:02.937499,34.10616383333333,-117.7119955,-3.4526103924112497,8.098708598576227,80,0,0.0,160.4
2022-07-03 10:35:04.060701,34.1061645,-117.71199683333333,-3.5753698727075496,8.172838654213917,80,0,0.0,177.8
2022-07-03 10:35:05.168303,34.10616433333333,-117.711997,-3.5907148074517545,8.154306139950833,80,0,0.0,223.5
2022-07-03 10:35:06.275905,34.10616316666667,-117.71199766666666,-3.6520945487712346,8.024578542938539,80,0,0.0,267.8
2022-07-03 10:35:07.383507,34.10616266666667,-117.71200033333334,-3.8976135093638353,7.96898100085661,80,0,0.0,299.1
2022-07-03 10:35:08.491109,34.1061645,-117.711999,-3.7748540290675354,8.172838654213917,80,0,0.0,351.4
2022-07-03 10:35:09.598711,34.1061665,-117.71199733333333,-3.6214046792828243,8.395228821834307,80,0,0.0,38.7
2022-07-03 10:35:10.706313,34.10616533333334,-117.7119955,-3.4526103924112497,8.26550122411469,80,0,0.0,80.2
2022-07-03 10:35:11.813915,34.10616366666667,-117.7119925,-3.1764015599875792,8.080176084313143,80,0,0.0,112.1
2022-07-03 10:35:12.921517,34.10616133333333,-117.71199,-2.9462275364818433,7.820720888873909,80,0,0.0,134.7
2022-07-03 10:35:14.029119,34.10615816666667,-117.711989,-2.8541579256739533,7.468603123533901,80,0,0.0,127.3
2022-07-03 10:35:15.136721,34.106156,-117.71198783333334,-2.7467433801218584,7.227680442357752,80,0,0.0,102.2
2022-07-03 10:35:16.228723,34.106154833333335,-117.71198716666666,-2.6853636388023783,7.097952844638134,80,0,0.0,122.1
2022-07-03 10:35:18.116326,34.10615283333333,-117.71198783333334,-2.7467433801218584,6.875562677017744,80,0,0.0,159.4
