datetime,Latitude,Longitude,Cartesian X,Cartesian Y,Robot Vector,Robot to Waypoint Vector,Thrust Control,Yaw Control,Vehicle Speed (Kn),C True Heading
2022-07-07 10:01:28.107960,0,0,"[6.123233995736766e-17, 1.0]",[-10837367.43535016   3792774.34900944],10837367.43535016,-3792774.3490094366,0,0,0,0
2022-07-07 10:01:28.638360,0,0,"[6.123233995736766e-17, 1.0]",[-10837367.43535016   3792774.34900944],10837367.43535016,-3792774.3490094366,0,0,0,0
2022-07-07 10:01:29.137561,0,0,"[6.123233995736766e-17, 1.0]",[-10837367.43535016   3792774.34900944],10837367.43535016,-3792774.3490094366,0,0,0,0
2022-07-07 10:01:29.636762,0,0,"[6.123233995736766e-17, 1.0]",[-10837367.43535016   3792774.34900944],10837367.43535016,-3792774.3490094366,0,0,0,0
2022-07-07 10:01:30.120363,0,0,"[6.123233995736766e-17, 1.0]",[-10837367.43535016   3792774.34900944],10837367.43535016,-3792774.3490094366,0,0,0,0
2022-07-07 10:01:30.635164,0,0,"[6.123233995736766e-17, 1.0]",[-10837367.43535016   3792774.34900944],10837367.43535016,-3792774.3490094366,0,0,0,0
2022-07-07 10:01:31.134365,0,0,"[6.123233995736766e-17, 1.0]",[-10837367.43535016   3792774.34900944],10837367.43535016,-3792774.3490094366,0,0,0,0
2022-07-07 10:01:31.633566,0,0,"[6.123233995736766e-17, 1.0]",[-10837367.43535016   3792774.34900944],10837367.43535016,-3792774.3490094366,0,0,0,0
2022-07-07 10:01:32.132767,0,0,"[6.123233995736766e-17, 1.0]",[-10837367.43535016   3792774.34900944],10837367.43535016,-3792774.3490094366,0,0,0,0
2022-07-07 10:01:32.631967,0,0,"[6.123233995736766e-17, 1.0]",[-10837367.43535016   3792774.34900944],10837367.43535016,-3792774.3490094366,0,0,0,0
2022-07-07 10:01:33.131168,0,0,"[6.123233995736766e-17, 1.0]",[-10837367.43535016   3792774.34900944],10837367.43535016,-3792774.3490094366,0,0,0,0
2022-07-07 10:01:33.630369,0,0,"[6.123233995736766e-17, 1.0]",[-10837367.43535016   3792774.34900944],10837367.43535016,-3792774.3490094366,0,0,0,0
2022-07-07 10:01:34.129570,0,0,"[6.123233995736766e-17, 1.0]",[-10837367.43535016   3792774.34900944],10837367.43535016,-3792774.3490094366,0,0,0,0
2022-07-07 10:01:34.628771,0,0,"[6.123233995736766e-17, 1.0]",[-10837367.43535016   3792774.34900944],10837367.43535016,-3792774.3490094366,0,0,0,0
2022-07-07 10:01:35.127972,0,0,"[6.123233995736766e-17, 1.0]",[-10837367.43535016   3792774.34900944],10837367.43535016,-3792774.3490094366,0,0,0,0
2022-07-07 10:01:35.627173,0,0,"[6.123233995736766e-17, 1.0]",[-10837367.43535016   3792774.34900944],10837367.43535016,-3792774.3490094366,0,0,0,0
2022-07-07 10:01:36.126374,0,0,"[6.123233995736766e-17, 1.0]",[-10837367.43535016   3792774.34900944],10837367.43535016,-3792774.3490094366,0,0,0,0
2022-07-07 10:01:36.625574,0,0,"[6.123233995736766e-17, 1.0]",[-10837367.43535016   3792774.34900944],10837367.43535016,-3792774.3490094366,0,0,0,0
2022-07-07 10:01:37.124775,0,0,"[6.123233995736766e-17, 1.0]",[-10837367.43535016   3792774.34900944],10837367.43535016,-3792774.3490094366,0,0,0,0
2022-07-07 10:01:37.623976,0,0,"[6.123233995736766e-17, 1.0]",[-10837367.43535016   3792774.34900944],10837367.43535016,-3792774.3490094366,0,0,0,0
2022-07-07 10:01:38.138777,0,0,"[6.123233995736766e-17, 1.0]",[-10837367.43535016   3792774.34900944],10837367.43535016,-3792774.3490094366,0,0,0,0
2022-07-07 10:01:38.637978,0,0,"[6.123233995736766e-17, 1.0]",[-10837367.43535016   3792774.34900944],10837367.43535016,-3792774.3490094366,0,0,0,0
2022-07-07 10:01:39.137179,0,0,"[6.123233995736766e-17, 1.0]",[-10837367.43535016   3792774.34900944],10837367.43535016,-3792774.3490094366,0,0,0,0
2022-07-07 10:01:39.636380,0,0,"[6.123233995736766e-17, 1.0]",[-10837367.43535016   3792774.34900944],10837367.43535016,-3792774.3490094366,0,0,0,0
2022-07-07 10:01:40.135581,0,0,"[6.123233995736766e-17, 1.0]",[-10837367.43535016   3792774.34900944],10837367.43535016,-3792774.3490094366,0,0,0,0
2022-07-07 10:01:40.634782,0,0,"[6.123233995736766e-17, 1.0]",[-10837367.43535016   3792774.34900944],10837367.43535016,-3792774.3490094366,0,0,0,0
2022-07-07 10:01:41.133982,0,0,"[6.123233995736766e-17, 1.0]",[-10837367.43535016   3792774.34900944],10837367.43535016,-3792774.3490094366,0,0,0,0
2022-07-07 10:01:41.633183,0,0,"[6.123233995736766e-17, 1.0]",[-10837367.43535016   3792774.34900944],10837367.43535016,-3792774.3490094366,0,0,0,0
2022-07-07 10:01:42.116784,0,0,"[6.123233995736766e-17, 1.0]",[-10837367.43535016   3792774.34900944],10837367.43535016,-3792774.3490094366,0,0,0,0
2022-07-07 10:01:42.615985,0,0,"[6.123233995736766e-17, 1.0]",[-10837367.43535016   3792774.34900944],10837367.43535016,-3792774.3490094366,0,0,0,0
2022-07-07 10:01:43.115186,0,0,"[6.123233995736766e-17, 1.0]",[-10837367.43535016   3792774.34900944],10837367.43535016,-3792774.3490094366,0,0,0,0
2022-07-07 10:01:43.614387,0,0,"[6.123233995736766e-17, 1.0]",[-10837367.43535016   3792774.34900944],10837367.43535016,-3792774.3490094366,0,0,0,0
2022-07-07 10:01:44.113588,0,0,"[6.123233995736766e-17, 1.0]",[-10837367.43535016   3792774.34900944],10837367.43535016,-3792774.3490094366,0,0,0,0
2022-07-07 10:01:44.612789,0,0,"[6.123233995736766e-17, 1.0]",[-10837367.43535016   3792774.34900944],10837367.43535016,-3792774.3490094366,0,0,0,0
2022-07-07 10:01:45.111989,0,0,"[6.123233995736766e-17, 1.0]",[-10837367.43535016   3792774.34900944],10837367.43535016,-3792774.3490094366,0,0,0,0
2022-07-07 10:01:45.611190,0,0,"[6.123233995736766e-17, 1.0]",[-10837367.43535016   3792774.34900944],10837367.43535016,-3792774.3490094366,0,0,0,0
2022-07-07 10:01:46.110391,0,0,"[6.123233995736766e-17, 1.0]",[-10837367.43535016   3792774.34900944],10837367.43535016,-3792774.3490094366,0,0,0,0
2022-07-07 10:01:46.609592,0,0,"[6.123233995736766e-17, 1.0]",[-10837367.43535016   3792774.34900944],10837367.43535016,-3792774.3490094366,0,0,0,0
2022-07-07 10:01:47.108793,0,0,"[6.123233995736766e-17, 1.0]",[-10837367.43535016   3792774.34900944],10837367.43535016,-3792774.3490094366,0,0,0,0
2022-07-07 10:01:47.623594,0,0,"[6.123233995736766e-17, 1.0]",[-10837367.43535016   3792774.34900944],10837367.43535016,-3792774.3490094366,0,0,0,0
2022-07-07 10:01:48.122795,0,0,"[6.123233995736766e-17, 1.0]",[-10837367.43535016   3792774.34900944],10837367.43535016,-3792774.3490094366,0,0,0,0
2022-07-07 10:01:48.621996,0,0,"[6.123233995736766e-17, 1.0]",[-10837367.43535016   3792774.34900944],10837367.43535016,-3792774.3490094366,0,0,0,0
2022-07-07 10:01:49.121196,0,0,"[6.123233995736766e-17, 1.0]",[-10837367.43535016   3792774.34900944],10837367.43535016,-3792774.3490094366,0,0,0,0
2022-07-07 10:01:49.620397,0,0,"[6.123233995736766e-17, 1.0]",[-10837367.43535016   3792774.34900944],10837367.43535016,-3792774.3490094366,0,0,0,0
2022-07-07 10:01:50.119598,0,0,"[6.123233995736766e-17, 1.0]",[-10837367.43535016   3792774.34900944],10837367.43535016,-3792774.3490094366,0,0,0,0
2022-07-07 10:01:50.618799,0,0,"[6.123233995736766e-17, 1.0]",[-10837367.43535016   3792774.34900944],10837367.43535016,-3792774.3490094366,0,0,0,0
2022-07-07 10:01:51.118000,0,0,"[6.123233995736766e-17, 1.0]",[-10837367.43535016   3792774.34900944],10837367.43535016,-3792774.3490094366,0,0,0,0
2022-07-07 10:01:51.617201,0,0,"[6.123233995736766e-17, 1.0]",[-10837367.43535016   3792774.34900944],10837367.43535016,-3792774.3490094366,0,0,0,0
2022-07-07 10:01:52.116402,0,0,"[6.123233995736766e-17, 1.0]",[-10837367.43535016   3792774.34900944],10837367.43535016,-3792774.3490094366,0,0,0,0
2022-07-07 10:01:52.615603,0,0,"[6.123233995736766e-17, 1.0]",[-10837367.43535016   3792774.34900944],10837367.43535016,-3792774.3490094366,0,0,0,0
2022-07-07 10:01:53.114803,0,0,"[6.123233995736766e-17, 1.0]",[-10837367.43535016   3792774.34900944],10837367.43535016,-3792774.3490094366,0,0,0,0
2022-07-07 10:01:53.614004,0,0,"[6.123233995736766e-17, 1.0]",[-10837367.43535016   3792774.34900944],10837367.43535016,-3792774.3490094366,0,0,0,0
2022-07-07 10:01:54.113205,0,0,"[6.123233995736766e-17, 1.0]",[-10837367.43535016   3792774.34900944],10837367.43535016,-3792774.3490094366,0,0,0,0
2022-07-07 10:01:54.612406,0,0,"[6.123233995736766e-17, 1.0]",[-10837367.43535016   3792774.34900944],10837367.43535016,-3792774.3490094366,0,0,0,0
2022-07-07 10:01:55.111607,0,0,"[6.123233995736766e-17, 1.0]",[-10837367.43535016   3792774.34900944],10837367.43535016,-3792774.3490094366,0,0,0,0
2022-07-07 10:01:55.610808,0,0,"[6.123233995736766e-17, 1.0]",[-10837367.43535016   3792774.34900944],10837367.43535016,-3792774.3490094366,0,0,0,0
2022-07-07 10:01:56.110009,0,0,"[6.123233995736766e-17, 1.0]",[-10837367.43535016   3792774.34900944],10837367.43535016,-3792774.3490094366,0,0,0,0
2022-07-07 10:01:56.609210,0,0,"[6.123233995736766e-17, 1.0]",[-10837367.43535016   3792774.34900944],10837367.43535016,-3792774.3490094366,0,0,0,0
2022-07-07 10:01:57.124010,0,0,"[6.123233995736766e-17, 1.0]",[-10837367.43535016   3792774.34900944],10837367.43535016,-3792774.3490094366,0,0,0,0
2022-07-07 10:01:57.623211,0,0,"[6.123233995736766e-17, 1.0]",[-10837367.43535016   3792774.34900944],10837367.43535016,-3792774.3490094366,0,0,0,0
2022-07-07 10:01:58.122412,0,0,"[6.123233995736766e-17, 1.0]",[-10837367.43535016   3792774.34900944],10837367.43535016,-3792774.3490094366,0,0,0,0
2022-07-07 10:01:58.621613,0,0,"[6.123233995736766e-17, 1.0]",[-10837367.43535016   3792774.34900944],10837367.43535016,-3792774.3490094366,0,0,0,0
2022-07-07 10:01:59.120814,0,0,"[6.123233995736766e-17, 1.0]",[-10837367.43535016   3792774.34900944],10837367.43535016,-3792774.3490094366,0,0,0,0
2022-07-07 10:01:59.620015,0,0,"[6.123233995736766e-17, 1.0]",[-10837367.43535016   3792774.34900944],10837367.43535016,-3792774.3490094366,0,0,0,0
2022-07-07 10:02:00.119216,0,0,"[6.123233995736766e-17, 1.0]",[-10837367.43535016   3792774.34900944],10837367.43535016,-3792774.3490094366,0,0,0,0
2022-07-07 10:02:00.618417,0,0,"[6.123233995736766e-17, 1.0]",[-10837367.43535016   3792774.34900944],10837367.43535016,-3792774.3490094366,0,0,0,0
2022-07-07 10:02:01.117617,0,0,"[6.123233995736766e-17, 1.0]",[-10837367.43535016   3792774.34900944],10837367.43535016,-3792774.3490094366,0,0,0,0
2022-07-07 10:02:01.616818,0,0,"[6.123233995736766e-17, 1.0]",[-10837367.43535016   3792774.34900944],10837367.43535016,-3792774.3490094366,0,0,0,0
2022-07-07 10:02:02.116019,0,0,"[6.123233995736766e-17, 1.0]",[-10837367.43535016   3792774.34900944],10837367.43535016,-3792774.3490094366,0,0,0,0
2022-07-07 10:02:02.615220,0,0,"[6.123233995736766e-17, 1.0]",[-10837367.43535016   3792774.34900944],10837367.43535016,-3792774.3490094366,0,0,0,0
2022-07-07 10:02:03.114421,0,0,"[6.123233995736766e-17, 1.0]",[-10837367.43535016   3792774.34900944],10837367.43535016,-3792774.3490094366,0,0,0,0
2022-07-07 10:02:03.613622,0,0,"[6.123233995736766e-17, 1.0]",[-10837367.43535016   3792774.34900944],10837367.43535016,-3792774.3490094366,0,0,0,0
2022-07-07 10:02:04.112823,0,0,"[6.123233995736766e-17, 1.0]",[-10837367.43535016   3792774.34900944],10837367.43535016,-3792774.3490094366,0,0,0,0
2022-07-07 10:02:04.612024,0,0,"[6.123233995736766e-17, 1.0]",[-10837367.43535016   3792774.34900944],10837367.43535016,-3792774.3490094366,0,0,0,0
2022-07-07 10:02:05.111225,0,0,"[6.123233995736766e-17, 1.0]",[-10837367.43535016   3792774.34900944],10837367.43535016,-3792774.3490094366,0,0,0,0
2022-07-07 10:02:05.610425,0,0,"[6.123233995736766e-17, 1.0]",[-10837367.43535016   3792774.34900944],10837367.43535016,-3792774.3490094366,0,0,0,0
2022-07-07 10:02:06.109626,0,0,"[6.123233995736766e-17, 1.0]",[-10837367.43535016   3792774.34900944],10837367.43535016,-3792774.3490094366,0,0,0,0
2022-07-07 10:02:06.608827,0,0,"[6.123233995736766e-17, 1.0]",[-10837367.43535016   3792774.34900944],10837367.43535016,-3792774.3490094366,0,0,0,0
2022-07-07 10:02:07.123628,0,0,"[6.123233995736766e-17, 1.0]",[-10837367.43535016   3792774.34900944],10837367.43535016,-3792774.3490094366,0,0,0,0
2022-07-07 10:02:07.622829,0,0,"[6.123233995736766e-17, 1.0]",[-10837367.43535016   3792774.34900944],10837367.43535016,-3792774.3490094366,0,0,0,0
2022-07-07 10:02:08.122030,0,0,"[6.123233995736766e-17, 1.0]",[-10837367.43535016   3792774.34900944],10837367.43535016,-3792774.3490094366,0,0,0,0
2022-07-07 10:02:08.621231,0,0,"[6.123233995736766e-17, 1.0]",[-10837367.43535016   3792774.34900944],10837367.43535016,-3792774.3490094366,0,0,0,0
2022-07-07 10:02:09.120432,0,0,"[6.123233995736766e-17, 1.0]",[-10837367.43535016   3792774.34900944],10837367.43535016,-3792774.3490094366,0,0,0,0
2022-07-07 10:02:09.619632,0,0,"[6.123233995736766e-17, 1.0]",[-10837367.43535016   3792774.34900944],10837367.43535016,-3792774.3490094366,0,0,0,0
2022-07-07 10:02:10.118833,0,0,"[6.123233995736766e-17, 1.0]",[-10837367.43535016   3792774.34900944],10837367.43535016,-3792774.3490094366,0,0,0,0
2022-07-07 10:02:10.618034,0,0,"[6.123233995736766e-17, 1.0]",[-10837367.43535016   3792774.34900944],10837367.43535016,-3792774.3490094366,0,0,0,0
2022-07-07 10:02:11.117235,0,0,"[6.123233995736766e-17, 1.0]",[-10837367.43535016   3792774.34900944],10837367.43535016,-3792774.3490094366,0,0,0,0
2022-07-07 10:02:11.616436,0,0,"[6.123233995736766e-17, 1.0]",[-10837367.43535016   3792774.34900944],10837367.43535016,-3792774.3490094366,0,0,0,0
2022-07-07 10:02:12.115637,0,0,"[6.123233995736766e-17, 1.0]",[-10837367.43535016   3792774.34900944],10837367.43535016,-3792774.3490094366,0,0,0,0
2022-07-07 10:02:12.614838,0,0,"[6.123233995736766e-17, 1.0]",[-10837367.43535016   3792774.34900944],10837367.43535016,-3792774.3490094366,0,0,0,0
2022-07-07 10:02:13.114039,0,0,"[6.123233995736766e-17, 1.0]",[-10837367.43535016   3792774.34900944],10837367.43535016,-3792774.3490094366,0,0,0,0
2022-07-07 10:02:13.613239,0,0,"[6.123233995736766e-17, 1.0]",[-10837367.43535016   3792774.34900944],10837367.43535016,-3792774.3490094366,0,0,0,0
2022-07-07 10:02:14.112440,0,0,"[6.123233995736766e-17, 1.0]",[-10837367.43535016   3792774.34900944],10837367.43535016,-3792774.3490094366,0,0,0,0
2022-07-07 10:02:14.611641,0,0,"[6.123233995736766e-17, 1.0]",[-10837367.43535016   3792774.34900944],10837367.43535016,-3792774.3490094366,0,0,0,0
2022-07-07 10:02:15.110842,0,0,"[6.123233995736766e-17, 1.0]",[-10837367.43535016   3792774.34900944],10837367.43535016,-3792774.3490094366,0,0,0,0
2022-07-07 10:02:15.610043,0,0,"[6.123233995736766e-17, 1.0]",[-10837367.43535016   3792774.34900944],10837367.43535016,-3792774.3490094366,0,0,0,0
2022-07-07 10:02:16.109244,0,0,"[6.123233995736766e-17, 1.0]",[-10837367.43535016   3792774.34900944],10837367.43535016,-3792774.3490094366,0,0,0,0
2022-07-07 10:02:16.624045,0,0,"[6.123233995736766e-17, 1.0]",[-10837367.43535016   3792774.34900944],10837367.43535016,-3792774.3490094366,0,0,0,0
2022-07-07 10:02:17.123246,0,0,"[6.123233995736766e-17, 1.0]",[-10837367.43535016   3792774.34900944],10837367.43535016,-3792774.3490094366,0,0,0,0
2022-07-07 10:02:17.622446,0,0,"[6.123233995736766e-17, 1.0]",[-10837367.43535016   3792774.34900944],10837367.43535016,-3792774.3490094366,0,0,0,0
2022-07-07 10:02:18.121647,0,0,"[6.123233995736766e-17, 1.0]",[-10837367.43535016   3792774.34900944],10837367.43535016,-3792774.3490094366,0,0,0,0
2022-07-07 10:02:18.620848,0,0,"[6.123233995736766e-17, 1.0]",[-10837367.43535016   3792774.34900944],10837367.43535016,-3792774.3490094366,0,0,0,0
2022-07-07 10:02:19.120049,0,0,"[6.123233995736766e-17, 1.0]",[-10837367.43535016   3792774.34900944],10837367.43535016,-3792774.3490094366,0,0,0,0
2022-07-07 10:02:19.619250,0,0,"[6.123233995736766e-17, 1.0]",[-10837367.43535016   3792774.34900944],10837367.43535016,-3792774.3490094366,0,0,0,0
2022-07-07 10:02:20.118451,0,0,"[6.123233995736766e-17, 1.0]",[-10837367.43535016   3792774.34900944],10837367.43535016,-3792774.3490094366,0,0,0,0
2022-07-07 10:02:20.617652,0,0,"[6.123233995736766e-17, 1.0]",[-10837367.43535016   3792774.34900944],10837367.43535016,-3792774.3490094366,0,0,0,0
2022-07-07 10:02:21.116853,0,0,"[6.123233995736766e-17, 1.0]",[-10837367.43535016   3792774.34900944],10837367.43535016,-3792774.3490094366,0,0,0,0
2022-07-07 10:02:21.616054,0,0,"[6.123233995736766e-17, 1.0]",[-10837367.43535016   3792774.34900944],10837367.43535016,-3792774.3490094366,0,0,0,0
2022-07-07 10:02:22.130854,0,0,"[6.123233995736766e-17, 1.0]",[-10837367.43535016   3792774.34900944],10837367.43535016,-3792774.3490094366,0,0,0,0
2022-07-07 10:02:22.630055,0,0,"[6.123233995736766e-17, 1.0]",[-10837367.43535016   3792774.34900944],10837367.43535016,-3792774.3490094366,0,0,0,0
2022-07-07 10:02:23.129256,0,0,"[6.123233995736766e-17, 1.0]",[-10837367.43535016   3792774.34900944],10837367.43535016,-3792774.3490094366,0,0,0,0
2022-07-07 10:02:23.628457,0,0,"[6.123233995736766e-17, 1.0]",[-10837367.43535016   3792774.34900944],10837367.43535016,-3792774.3490094366,0,0,0,0
2022-07-07 10:02:24.127658,0,0,"[6.123233995736766e-17, 1.0]",[-10837367.43535016   3792774.34900944],10837367.43535016,-3792774.3490094366,0,0,0,0
2022-07-07 10:02:24.626859,0,0,"[6.123233995736766e-17, 1.0]",[-10837367.43535016   3792774.34900944],10837367.43535016,-3792774.3490094366,0,0,0,0
2022-07-07 10:02:25.126060,0,0,"[6.123233995736766e-17, 1.0]",[-10837367.43535016   3792774.34900944],10837367.43535016,-3792774.3490094366,0,0,0,0
2022-07-07 10:02:25.625261,0,0,"[6.123233995736766e-17, 1.0]",[-10837367.43535016   3792774.34900944],10837367.43535016,-3792774.3490094366,0,0,0,0
2022-07-07 10:02:26.124461,0,0,"[6.123233995736766e-17, 1.0]",[-10837367.43535016   3792774.34900944],10837367.43535016,-3792774.3490094366,0,0,0,0
2022-07-07 10:02:26.623662,0,0,"[6.123233995736766e-17, 1.0]",[-10837367.43535016   3792774.34900944],10837367.43535016,-3792774.3490094366,0,0,0,0
2022-07-07 10:02:27.138463,0,0,"[6.123233995736766e-17, 1.0]",[-10837367.43535016   3792774.34900944],10837367.43535016,-3792774.3490094366,0,0,0,0
2022-07-07 10:02:27.637664,0,0,"[6.123233995736766e-17, 1.0]",[-10837367.43535016   3792774.34900944],10837367.43535016,-3792774.3490094366,0,0,0,0
2022-07-07 10:02:28.136865,0,0,"[6.123233995736766e-17, 1.0]",[-10837367.43535016   3792774.34900944],10837367.43535016,-3792774.3490094366,0,0,0,0
2022-07-07 10:02:28.636066,0,0,"[6.123233995736766e-17, 1.0]",[-10837367.43535016   3792774.34900944],10837367.43535016,-3792774.3490094366,0,0,0,0
2022-07-07 10:02:29.135267,0,0,"[6.123233995736766e-17, 1.0]",[-10837367.43535016   3792774.34900944],10837367.43535016,-3792774.3490094366,0,0,0,0
2022-07-07 10:02:29.634468,0,0,"[6.123233995736766e-17, 1.0]",[-10837367.43535016   3792774.34900944],10837367.43535016,-3792774.3490094366,0,0,0,0
2022-07-07 10:02:30.164869,0,0,"[6.123233995736766e-17, 1.0]",[-10837367.43535016   3792774.34900944],10837367.43535016,-3792774.3490094366,0,0,0,0
2022-07-07 10:02:30.617269,0,0,"[6.123233995736766e-17, 1.0]",[-10837367.43535016   3792774.34900944],10837367.43535016,-3792774.3490094366,0,0,0,0
2022-07-07 10:02:31.116470,0,0,"[6.123233995736766e-17, 1.0]",[-10837367.43535016   3792774.34900944],10837367.43535016,-3792774.3490094366,0,0,0,0
2022-07-07 10:02:31.615671,0,0,"[6.123233995736766e-17, 1.0]",[-10837367.43535016   3792774.34900944],10837367.43535016,-3792774.3490094366,0,0,0,0
2022-07-07 10:02:32.114872,0,0,"[6.123233995736766e-17, 1.0]",[-10837367.43535016   3792774.34900944],10837367.43535016,-3792774.3490094366,0,0,0,0
2022-07-07 10:02:32.629673,0,0,"[6.123233995736766e-17, 1.0]",[-10837367.43535016   3792774.34900944],10837367.43535016,-3792774.3490094366,0,0,0,0
