datetime,Latitude,Longitude,Cartesian X,Cartesian Y,Robot Vector,Robot to Waypoint Vector,Thrust Control,Yaw Control,Vehicle Speed (Kn),C True Heading
2022-07-07 09:59:33.790959,0,0,"[6.123233995736766e-17, 1.0]",[-10837367.43535016   3792774.34900944],10837367.43535016,-3792774.3490094366,0,0,0,0
2022-07-07 09:59:34.305760,0,0,"[6.123233995736766e-17, 1.0]",[-10837367.43535016   3792774.34900944],10837367.43535016,-3792774.3490094366,0,0,0,0
2022-07-07 09:59:34.836161,0,0,"[6.123233995736766e-17, 1.0]",[-10837367.43535016   3792774.34900944],10837367.43535016,-3792774.3490094366,0,0,0,0
2022-07-07 09:59:35.319761,0,0,"[6.123233995736766e-17, 1.0]",[-10837367.43535016   3792774.34900944],10837367.43535016,-3792774.3490094366,0,0,0,0
2022-07-07 09:59:35.818962,0,0,"[6.123233995736766e-17, 1.0]",[-10837367.43535016   3792774.34900944],10837367.43535016,-3792774.3490094366,0,0,0,0
2022-07-07 09:59:36.318163,0,0,"[6.123233995736766e-17, 1.0]",[-10837367.43535016   3792774.34900944],10837367.43535016,-3792774.3490094366,0,0,0,0
2022-07-07 09:59:36.817364,0,0,"[6.123233995736766e-17, 1.0]",[-10837367.43535016   3792774.34900944],10837367.43535016,-3792774.3490094366,0,0,0,0
2022-07-07 09:59:37.316565,0,0,"[6.123233995736766e-17, 1.0]",[-10837367.43535016   3792774.34900944],10837367.43535016,-3792774.3490094366,0,0,0,0
2022-07-07 09:59:37.815766,0,0,"[6.123233995736766e-17, 1.0]",[-10837367.43535016   3792774.34900944],10837367.43535016,-3792774.3490094366,0,0,0,0
2022-07-07 09:59:38.314967,0,0,"[6.123233995736766e-17, 1.0]",[-10837367.43535016   3792774.34900944],10837367.43535016,-3792774.3490094366,0,0,0,0
2022-07-07 09:59:38.814168,0,0,"[6.123233995736766e-17, 1.0]",[-10837367.43535016   3792774.34900944],10837367.43535016,-3792774.3490094366,0,0,0,0
2022-07-07 09:59:39.313368,0,0,"[6.123233995736766e-17, 1.0]",[-10837367.43535016   3792774.34900944],10837367.43535016,-3792774.3490094366,0,0,0,0
2022-07-07 09:59:39.812569,0,0,"[6.123233995736766e-17, 1.0]",[-10837367.43535016   3792774.34900944],10837367.43535016,-3792774.3490094366,0,0,0,0
2022-07-07 09:59:40.311770,0,0,"[6.123233995736766e-17, 1.0]",[-10837367.43535016   3792774.34900944],10837367.43535016,-3792774.3490094366,0,0,0,0
2022-07-07 09:59:40.810971,0,0,"[6.123233995736766e-17, 1.0]",[-10837367.43535016   3792774.34900944],10837367.43535016,-3792774.3490094366,0,0,0,0
2022-07-07 09:59:41.310172,0,0,"[6.123233995736766e-17, 1.0]",[-10837367.43535016   3792774.34900944],10837367.43535016,-3792774.3490094366,0,0,0,0
2022-07-07 09:59:41.809373,0,0,"[6.123233995736766e-17, 1.0]",[-10837367.43535016   3792774.34900944],10837367.43535016,-3792774.3490094366,0,0,0,0
2022-07-07 09:59:42.308574,0,0,"[6.123233995736766e-17, 1.0]",[-10837367.43535016   3792774.34900944],10837367.43535016,-3792774.3490094366,0,0,0,0
2022-07-07 09:59:42.807775,0,0,"[6.123233995736766e-17, 1.0]",[-10837367.43535016   3792774.34900944],10837367.43535016,-3792774.3490094366,0,0,0,0
2022-07-07 09:59:43.306975,0,0,"[6.123233995736766e-17, 1.0]",[-10837367.43535016   3792774.34900944],10837367.43535016,-3792774.3490094366,0,0,0,0
2022-07-07 09:59:43.821776,0,0,"[6.123233995736766e-17, 1.0]",[-10837367.43535016   3792774.34900944],10837367.43535016,-3792774.3490094366,0,0,0,0
2022-07-07 09:59:44.320977,0,0,"[6.123233995736766e-17, 1.0]",[-10837367.43535016   3792774.34900944],10837367.43535016,-3792774.3490094366,0,0,0,0
2022-07-07 09:59:44.820178,0,0,"[6.123233995736766e-17, 1.0]",[-10837367.43535016   3792774.34900944],10837367.43535016,-3792774.3490094366,0,0,0,0
2022-07-07 09:59:45.319379,0,0,"[6.123233995736766e-17, 1.0]",[-10837367.43535016   3792774.34900944],10837367.43535016,-3792774.3490094366,0,0,0,0
2022-07-07 09:59:45.818580,0,0,"[6.123233995736766e-17, 1.0]",[-10837367.43535016   3792774.34900944],10837367.43535016,-3792774.3490094366,0,0,0,0
2022-07-07 09:59:46.317781,0,0,"[6.123233995736766e-17, 1.0]",[-10837367.43535016   3792774.34900944],10837367.43535016,-3792774.3490094366,0,0,0,0
2022-07-07 09:59:46.816982,0,0,"[6.123233995736766e-17, 1.0]",[-10837367.43535016   3792774.34900944],10837367.43535016,-3792774.3490094366,0,0,0,0
2022-07-07 09:59:47.316182,0,0,"[6.123233995736766e-17, 1.0]",[-10837367.43535016   3792774.34900944],10837367.43535016,-3792774.3490094366,0,0,0,0
2022-07-07 09:59:47.815383,0,0,"[6.123233995736766e-17, 1.0]",[-10837367.43535016   3792774.34900944],10837367.43535016,-3792774.3490094366,0,0,0,0
2022-07-07 09:59:48.314584,0,0,"[6.123233995736766e-17, 1.0]",[-10837367.43535016   3792774.34900944],10837367.43535016,-3792774.3490094366,0,0,0,0
2022-07-07 09:59:48.813785,0,0,"[6.123233995736766e-17, 1.0]",[-10837367.43535016   3792774.34900944],10837367.43535016,-3792774.3490094366,0,0,0,0
2022-07-07 09:59:49.312986,0,0,"[6.123233995736766e-17, 1.0]",[-10837367.43535016   3792774.34900944],10837367.43535016,-3792774.3490094366,0,0,0,0
2022-07-07 09:59:49.812187,0,0,"[6.123233995736766e-17, 1.0]",[-10837367.43535016   3792774.34900944],10837367.43535016,-3792774.3490094366,0,0,0,0
2022-07-07 09:59:50.311388,0,0,"[6.123233995736766e-17, 1.0]",[-10837367.43535016   3792774.34900944],10837367.43535016,-3792774.3490094366,0,0,0,0
2022-07-07 09:59:50.810589,0,0,"[6.123233995736766e-17, 1.0]",[-10837367.43535016   3792774.34900944],10837367.43535016,-3792774.3490094366,0,0,0,0
2022-07-07 09:59:51.309790,0,0,"[6.123233995736766e-17, 1.0]",[-10837367.43535016   3792774.34900944],10837367.43535016,-3792774.3490094366,0,0,0,0
2022-07-07 09:59:51.808990,0,0,"[6.123233995736766e-17, 1.0]",[-10837367.43535016   3792774.34900944],10837367.43535016,-3792774.3490094366,0,0,0,0
2022-07-07 09:59:52.308191,0,0,"[6.123233995736766e-17, 1.0]",[-10837367.43535016   3792774.34900944],10837367.43535016,-3792774.3490094366,0,0,0,0
2022-07-07 09:59:52.807392,0,0,"[6.123233995736766e-17, 1.0]",[-10837367.43535016   3792774.34900944],10837367.43535016,-3792774.3490094366,0,0,0,0
2022-07-07 09:59:53.290993,0,0,"[6.123233995736766e-17, 1.0]",[-10837367.43535016   3792774.34900944],10837367.43535016,-3792774.3490094366,0,0,0,0
2022-07-07 09:59:53.805794,0,0,"[6.123233995736766e-17, 1.0]",[-10837367.43535016   3792774.34900944],10837367.43535016,-3792774.3490094366,0,0,0,0
2022-07-07 09:59:54.304995,0,0,"[6.123233995736766e-17, 1.0]",[-10837367.43535016   3792774.34900944],10837367.43535016,-3792774.3490094366,0,0,0,0
2022-07-07 09:59:54.804196,0,0,"[6.123233995736766e-17, 1.0]",[-10837367.43535016   3792774.34900944],10837367.43535016,-3792774.3490094366,0,0,0,0
2022-07-07 09:59:55.303397,0,0,"[6.123233995736766e-17, 1.0]",[-10837367.43535016   3792774.34900944],10837367.43535016,-3792774.3490094366,0,0,0,0
2022-07-07 09:59:55.802597,0,0,"[6.123233995736766e-17, 1.0]",[-10837367.43535016   3792774.34900944],10837367.43535016,-3792774.3490094366,0,0,0,0
2022-07-07 09:59:56.301798,0,0,"[6.123233995736766e-17, 1.0]",[-10837367.43535016   3792774.34900944],10837367.43535016,-3792774.3490094366,0,0,0,0
2022-07-07 09:59:56.800999,0,0,"[6.123233995736766e-17, 1.0]",[-10837367.43535016   3792774.34900944],10837367.43535016,-3792774.3490094366,0,0,0,0
2022-07-07 09:59:57.300200,0,0,"[6.123233995736766e-17, 1.0]",[-10837367.43535016   3792774.34900944],10837367.43535016,-3792774.3490094366,0,0,0,0
2022-07-07 09:59:57.799401,0,0,"[6.123233995736766e-17, 1.0]",[-10837367.43535016   3792774.34900944],10837367.43535016,-3792774.3490094366,0,0,0,0
2022-07-07 09:59:58.298602,0,0,"[6.123233995736766e-17, 1.0]",[-10837367.43535016   3792774.34900944],10837367.43535016,-3792774.3490094366,0,0,0,0
2022-07-07 09:59:58.797803,0,0,"[6.123233995736766e-17, 1.0]",[-10837367.43535016   3792774.34900944],10837367.43535016,-3792774.3490094366,0,0,0,0
2022-07-07 09:59:59.297004,0,0,"[6.123233995736766e-17, 1.0]",[-10837367.43535016   3792774.34900944],10837367.43535016,-3792774.3490094366,0,0,0,0
2022-07-07 09:59:59.796204,0,0,"[6.123233995736766e-17, 1.0]",[-10837367.43535016   3792774.34900944],10837367.43535016,-3792774.3490094366,0,0,0,0
2022-07-07 10:00:00.295405,0,0,"[6.123233995736766e-17, 1.0]",[-10837367.43535016   3792774.34900944],10837367.43535016,-3792774.3490094366,0,0,0,0
2022-07-07 10:00:00.794606,0,0,"[6.123233995736766e-17, 1.0]",[-10837367.43535016   3792774.34900944],10837367.43535016,-3792774.3490094366,0,0,0,0
2022-07-07 10:00:01.293807,0,0,"[6.123233995736766e-17, 1.0]",[-10837367.43535016   3792774.34900944],10837367.43535016,-3792774.3490094366,0,0,0,0
2022-07-07 10:00:01.793008,0,0,"[6.123233995736766e-17, 1.0]",[-10837367.43535016   3792774.34900944],10837367.43535016,-3792774.3490094366,0,0,0,0
2022-07-07 10:00:02.292209,0,0,"[6.123233995736766e-17, 1.0]",[-10837367.43535016   3792774.34900944],10837367.43535016,-3792774.3490094366,0,0,0,0
2022-07-07 10:00:02.807010,0,0,"[6.123233995736766e-17, 1.0]",[-10837367.43535016   3792774.34900944],10837367.43535016,-3792774.3490094366,0,0,0,0
2022-07-07 10:00:03.306211,0,0,"[6.123233995736766e-17, 1.0]",[-10837367.43535016   3792774.34900944],10837367.43535016,-3792774.3490094366,0,0,0,0
2022-07-07 10:00:03.805411,0,0,"[6.123233995736766e-17, 1.0]",[-10837367.43535016   3792774.34900944],10837367.43535016,-3792774.3490094366,0,0,0,0
2022-07-07 10:00:04.304612,0,0,"[6.123233995736766e-17, 1.0]",[-10837367.43535016   3792774.34900944],10837367.43535016,-3792774.3490094366,0,0,0,0
2022-07-07 10:00:04.803813,0,0,"[6.123233995736766e-17, 1.0]",[-10837367.43535016   3792774.34900944],10837367.43535016,-3792774.3490094366,0,0,0,0
2022-07-07 10:00:05.303014,0,0,"[6.123233995736766e-17, 1.0]",[-10837367.43535016   3792774.34900944],10837367.43535016,-3792774.3490094366,0,0,0,0
2022-07-07 10:00:05.802215,0,0,"[6.123233995736766e-17, 1.0]",[-10837367.43535016   3792774.34900944],10837367.43535016,-3792774.3490094366,0,0,0,0
2022-07-07 10:00:06.301416,0,0,"[6.123233995736766e-17, 1.0]",[-10837367.43535016   3792774.34900944],10837367.43535016,-3792774.3490094366,0,0,0,0
2022-07-07 10:00:06.800617,0,0,"[6.123233995736766e-17, 1.0]",[-10837367.43535016   3792774.34900944],10837367.43535016,-3792774.3490094366,0,0,0,0
2022-07-07 10:00:07.299818,0,0,"[6.123233995736766e-17, 1.0]",[-10837367.43535016   3792774.34900944],10837367.43535016,-3792774.3490094366,0,0,0,0
2022-07-07 10:00:07.799018,0,0,"[6.123233995736766e-17, 1.0]",[-10837367.43535016   3792774.34900944],10837367.43535016,-3792774.3490094366,0,0,0,0
2022-07-07 10:00:08.298219,0,0,"[6.123233995736766e-17, 1.0]",[-10837367.43535016   3792774.34900944],10837367.43535016,-3792774.3490094366,0,0,0,0
2022-07-07 10:00:08.828620,0,0,"[6.123233995736766e-17, 1.0]",[-10837367.43535016   3792774.34900944],10837367.43535016,-3792774.3490094366,0,0,0,0
2022-07-07 10:00:09.312221,0,0,"[6.123233995736766e-17, 1.0]",[-10837367.43535016   3792774.34900944],10837367.43535016,-3792774.3490094366,0,0,0,0
2022-07-07 10:00:09.795822,0,0,"[6.123233995736766e-17, 1.0]",[-10837367.43535016   3792774.34900944],10837367.43535016,-3792774.3490094366,0,0,0,0
2022-07-07 10:00:10.295023,0,0,"[6.123233995736766e-17, 1.0]",[-10837367.43535016   3792774.34900944],10837367.43535016,-3792774.3490094366,0,0,0,0
2022-07-07 10:00:10.794224,0,0,"[6.123233995736766e-17, 1.0]",[-10837367.43535016   3792774.34900944],10837367.43535016,-3792774.3490094366,0,0,0,0
2022-07-07 10:00:11.293425,0,0,"[6.123233995736766e-17, 1.0]",[-10837367.43535016   3792774.34900944],10837367.43535016,-3792774.3490094366,0,0,0,0
2022-07-07 10:00:11.792625,0,0,"[6.123233995736766e-17, 1.0]",[-10837367.43535016   3792774.34900944],10837367.43535016,-3792774.3490094366,0,0,0,0
2022-07-07 10:00:12.291826,0,0,"[6.123233995736766e-17, 1.0]",[-10837367.43535016   3792774.34900944],10837367.43535016,-3792774.3490094366,0,0,0,0
2022-07-07 10:00:12.806627,0,0,"[6.123233995736766e-17, 1.0]",[-10837367.43535016   3792774.34900944],10837367.43535016,-3792774.3490094366,0,0,0,0
2022-07-07 10:00:13.305828,0,0,"[6.123233995736766e-17, 1.0]",[-10837367.43535016   3792774.34900944],10837367.43535016,-3792774.3490094366,0,0,0,0
2022-07-07 10:00:13.805029,0,0,"[6.123233995736766e-17, 1.0]",[-10837367.43535016   3792774.34900944],10837367.43535016,-3792774.3490094366,0,0,0,0
2022-07-07 10:00:14.304230,0,0,"[6.123233995736766e-17, 1.0]",[-10837367.43535016   3792774.34900944],10837367.43535016,-3792774.3490094366,0,0,0,0
2022-07-07 10:00:14.803431,0,0,"[6.123233995736766e-17, 1.0]",[-10837367.43535016   3792774.34900944],10837367.43535016,-3792774.3490094366,0,0,0,0
2022-07-07 10:00:15.302632,0,0,"[6.123233995736766e-17, 1.0]",[-10837367.43535016   3792774.34900944],10837367.43535016,-3792774.3490094366,0,0,0,0
2022-07-07 10:00:15.801833,0,0,"[6.123233995736766e-17, 1.0]",[-10837367.43535016   3792774.34900944],10837367.43535016,-3792774.3490094366,0,0,0,0
2022-07-07 10:00:16.301033,0,0,"[6.123233995736766e-17, 1.0]",[-10837367.43535016   3792774.34900944],10837367.43535016,-3792774.3490094366,0,0,0,0
2022-07-07 10:00:16.800234,0,0,"[6.123233995736766e-17, 1.0]",[-10837367.43535016   3792774.34900944],10837367.43535016,-3792774.3490094366,0,0,0,0
2022-07-07 10:00:17.299435,0,0,"[6.123233995736766e-17, 1.0]",[-10837367.43535016   3792774.34900944],10837367.43535016,-3792774.3490094366,0,0,0,0
2022-07-07 10:00:17.798636,0,0,"[6.123233995736766e-17, 1.0]",[-10837367.43535016   3792774.34900944],10837367.43535016,-3792774.3490094366,0,0,0,0
2022-07-07 10:00:18.297837,0,0,"[6.123233995736766e-17, 1.0]",[-10837367.43535016   3792774.34900944],10837367.43535016,-3792774.3490094366,0,0,0,0
2022-07-07 10:00:18.797038,0,0,"[6.123233995736766e-17, 1.0]",[-10837367.43535016   3792774.34900944],10837367.43535016,-3792774.3490094366,0,0,0,0
2022-07-07 10:00:19.296239,0,0,"[6.123233995736766e-17, 1.0]",[-10837367.43535016   3792774.34900944],10837367.43535016,-3792774.3490094366,0,0,0,0
2022-07-07 10:00:19.795440,0,0,"[6.123233995736766e-17, 1.0]",[-10837367.43535016   3792774.34900944],10837367.43535016,-3792774.3490094366,0,0,0,0
2022-07-07 10:00:20.294640,0,0,"[6.123233995736766e-17, 1.0]",[-10837367.43535016   3792774.34900944],10837367.43535016,-3792774.3490094366,0,0,0,0
2022-07-07 10:00:20.793841,0,0,"[6.123233995736766e-17, 1.0]",[-10837367.43535016   3792774.34900944],10837367.43535016,-3792774.3490094366,0,0,0,0
2022-07-07 10:00:21.293042,0,0,"[6.123233995736766e-17, 1.0]",[-10837367.43535016   3792774.34900944],10837367.43535016,-3792774.3490094366,0,0,0,0
2022-07-07 10:00:21.792243,0,0,"[6.123233995736766e-17, 1.0]",[-10837367.43535016   3792774.34900944],10837367.43535016,-3792774.3490094366,0,0,0,0
2022-07-07 10:00:22.307044,0,0,"[6.123233995736766e-17, 1.0]",[-10837367.43535016   3792774.34900944],10837367.43535016,-3792774.3490094366,0,0,0,0
2022-07-07 10:00:22.806245,0,0,"[6.123233995736766e-17, 1.0]",[-10837367.43535016   3792774.34900944],10837367.43535016,-3792774.3490094366,0,0,0,0
2022-07-07 10:00:23.305446,0,0,"[6.123233995736766e-17, 1.0]",[-10837367.43535016   3792774.34900944],10837367.43535016,-3792774.3490094366,0,0,0,0
2022-07-07 10:00:23.804647,0,0,"[6.123233995736766e-17, 1.0]",[-10837367.43535016   3792774.34900944],10837367.43535016,-3792774.3490094366,0,0,0,0
2022-07-07 10:00:24.303847,0,0,"[6.123233995736766e-17, 1.0]",[-10837367.43535016   3792774.34900944],10837367.43535016,-3792774.3490094366,0,0,0,0
2022-07-07 10:00:24.803048,0,0,"[6.123233995736766e-17, 1.0]",[-10837367.43535016   3792774.34900944],10837367.43535016,-3792774.3490094366,0,0,0,0
2022-07-07 10:00:25.302249,0,0,"[6.123233995736766e-17, 1.0]",[-10837367.43535016   3792774.34900944],10837367.43535016,-3792774.3490094366,0,0,0,0
2022-07-07 10:00:25.801450,0,0,"[6.123233995736766e-17, 1.0]",[-10837367.43535016   3792774.34900944],10837367.43535016,-3792774.3490094366,0,0,0,0
2022-07-07 10:00:26.300651,0,0,"[6.123233995736766e-17, 1.0]",[-10837367.43535016   3792774.34900944],10837367.43535016,-3792774.3490094366,0,0,0,0
2022-07-07 10:00:26.799852,0,0,"[6.123233995736766e-17, 1.0]",[-10837367.43535016   3792774.34900944],10837367.43535016,-3792774.3490094366,0,0,0,0
2022-07-07 10:00:27.299053,0,0,"[6.123233995736766e-17, 1.0]",[-10837367.43535016   3792774.34900944],10837367.43535016,-3792774.3490094366,0,0,0,0
2022-07-07 10:00:27.798254,0,0,"[6.123233995736766e-17, 1.0]",[-10837367.43535016   3792774.34900944],10837367.43535016,-3792774.3490094366,0,0,0,0
2022-07-07 10:00:28.297454,0,0,"[6.123233995736766e-17, 1.0]",[-10837367.43535016   3792774.34900944],10837367.43535016,-3792774.3490094366,0,0,0,0
2022-07-07 10:00:28.796655,0,0,"[6.123233995736766e-17, 1.0]",[-10837367.43535016   3792774.34900944],10837367.43535016,-3792774.3490094366,0,0,0,0
2022-07-07 10:00:29.295856,0,0,"[6.123233995736766e-17, 1.0]",[-10837367.43535016   3792774.34900944],10837367.43535016,-3792774.3490094366,0,0,0,0
2022-07-07 10:00:29.795057,0,0,"[6.123233995736766e-17, 1.0]",[-10837367.43535016   3792774.34900944],10837367.43535016,-3792774.3490094366,0,0,0,0
2022-07-07 10:00:30.294258,0,0,"[6.123233995736766e-17, 1.0]",[-10837367.43535016   3792774.34900944],10837367.43535016,-3792774.3490094366,0,0,0,0
2022-07-07 10:00:30.793459,0,0,"[6.123233995736766e-17, 1.0]",[-10837367.43535016   3792774.34900944],10837367.43535016,-3792774.3490094366,0,0,0,0
2022-07-07 10:00:31.292660,0,0,"[6.123233995736766e-17, 1.0]",[-10837367.43535016   3792774.34900944],10837367.43535016,-3792774.3490094366,0,0,0,0
2022-07-07 10:00:31.791861,0,0,"[6.123233995736766e-17, 1.0]",[-10837367.43535016   3792774.34900944],10837367.43535016,-3792774.3490094366,0,0,0,0
2022-07-07 10:00:32.306662,0,0,"[6.123233995736766e-17, 1.0]",[-10837367.43535016   3792774.34900944],10837367.43535016,-3792774.3490094366,0,0,0,0
2022-07-07 10:00:32.805862,0,0,"[6.123233995736766e-17, 1.0]",[-10837367.43535016   3792774.34900944],10837367.43535016,-3792774.3490094366,0,0,0,0
2022-07-07 10:00:33.305063,0,0,"[6.123233995736766e-17, 1.0]",[-10837367.43535016   3792774.34900944],10837367.43535016,-3792774.3490094366,0,0,0,0
2022-07-07 10:00:33.804264,0,0,"[6.123233995736766e-17, 1.0]",[-10837367.43535016   3792774.34900944],10837367.43535016,-3792774.3490094366,0,0,0,0
2022-07-07 10:00:34.303465,0,0,"[6.123233995736766e-17, 1.0]",[-10837367.43535016   3792774.34900944],10837367.43535016,-3792774.3490094366,0,0,0,0
2022-07-07 10:00:34.802666,0,0,"[6.123233995736766e-17, 1.0]",[-10837367.43535016   3792774.34900944],10837367.43535016,-3792774.3490094366,0,0,0,0
2022-07-07 10:00:35.301867,0,0,"[6.123233995736766e-17, 1.0]",[-10837367.43535016   3792774.34900944],10837367.43535016,-3792774.3490094366,0,0,0,0
2022-07-07 10:00:35.801068,0,0,"[6.123233995736766e-17, 1.0]",[-10837367.43535016   3792774.34900944],10837367.43535016,-3792774.3490094366,0,0,0,0
2022-07-07 10:00:36.300269,0,0,"[6.123233995736766e-17, 1.0]",[-10837367.43535016   3792774.34900944],10837367.43535016,-3792774.3490094366,0,0,0,0
2022-07-07 10:00:36.799469,0,0,"[6.123233995736766e-17, 1.0]",[-10837367.43535016   3792774.34900944],10837367.43535016,-3792774.3490094366,0,0,0,0
2022-07-07 10:00:37.298670,0,0,"[6.123233995736766e-17, 1.0]",[-10837367.43535016   3792774.34900944],10837367.43535016,-3792774.3490094366,0,0,0,0
2022-07-07 10:00:37.797871,0,0,"[6.123233995736766e-17, 1.0]",[-10837367.43535016   3792774.34900944],10837367.43535016,-3792774.3490094366,0,0,0,0
2022-07-07 10:00:38.312672,0,0,"[6.123233995736766e-17, 1.0]",[-10837367.43535016   3792774.34900944],10837367.43535016,-3792774.3490094366,0,0,0,0
2022-07-07 10:00:38.796273,0,0,"[6.123233995736766e-17, 1.0]",[-10837367.43535016   3792774.34900944],10837367.43535016,-3792774.3490094366,0,0,0,0
2022-07-07 10:00:39.295474,0,0,"[6.123233995736766e-17, 1.0]",[-10837367.43535016   3792774.34900944],10837367.43535016,-3792774.3490094366,0,0,0,0
2022-07-07 10:00:39.794675,0,0,"[6.123233995736766e-17, 1.0]",[-10837367.43535016   3792774.34900944],10837367.43535016,-3792774.3490094366,0,0,0,0
2022-07-07 10:00:40.293876,0,0,"[6.123233995736766e-17, 1.0]",[-10837367.43535016   3792774.34900944],10837367.43535016,-3792774.3490094366,0,0,0,0
2022-07-07 10:00:40.793076,0,0,"[6.123233995736766e-17, 1.0]",[-10837367.43535016   3792774.34900944],10837367.43535016,-3792774.3490094366,0,0,0,0
2022-07-07 10:00:41.292277,0,0,"[6.123233995736766e-17, 1.0]",[-10837367.43535016   3792774.34900944],10837367.43535016,-3792774.3490094366,0,0,0,0
2022-07-07 10:00:41.807078,0,0,"[6.123233995736766e-17, 1.0]",[-10837367.43535016   3792774.34900944],10837367.43535016,-3792774.3490094366,0,0,0,0
2022-07-07 10:00:42.306279,0,0,"[6.123233995736766e-17, 1.0]",[-10837367.43535016   3792774.34900944],10837367.43535016,-3792774.3490094366,0,0,0,0
2022-07-07 10:00:42.805480,0,0,"[6.123233995736766e-17, 1.0]",[-10837367.43535016   3792774.34900944],10837367.43535016,-3792774.3490094366,0,0,0,0
2022-07-07 10:00:43.304681,0,0,"[6.123233995736766e-17, 1.0]",[-10837367.43535016   3792774.34900944],10837367.43535016,-3792774.3490094366,0,0,0,0
2022-07-07 10:00:43.803882,0,0,"[6.123233995736766e-17, 1.0]",[-10837367.43535016   3792774.34900944],10837367.43535016,-3792774.3490094366,0,0,0,0
2022-07-07 10:00:44.303083,0,0,"[6.123233995736766e-17, 1.0]",[-10837367.43535016   3792774.34900944],10837367.43535016,-3792774.3490094366,0,0,0,0
2022-07-07 10:00:44.802283,0,0,"[6.123233995736766e-17, 1.0]",[-10837367.43535016   3792774.34900944],10837367.43535016,-3792774.3490094366,0,0,0,0
2022-07-07 10:00:45.301484,0,0,"[6.123233995736766e-17, 1.0]",[-10837367.43535016   3792774.34900944],10837367.43535016,-3792774.3490094366,0,0,0,0
2022-07-07 10:00:45.800685,0,0,"[6.123233995736766e-17, 1.0]",[-10837367.43535016   3792774.34900944],10837367.43535016,-3792774.3490094366,0,0,0,0
2022-07-07 10:00:46.299886,0,0,"[6.123233995736766e-17, 1.0]",[-10837367.43535016   3792774.34900944],10837367.43535016,-3792774.3490094366,0,0,0,0
2022-07-07 10:00:46.799087,0,0,"[6.123233995736766e-17, 1.0]",[-10837367.43535016   3792774.34900944],10837367.43535016,-3792774.3490094366,0,0,0,0
2022-07-07 10:00:47.298288,0,0,"[6.123233995736766e-17, 1.0]",[-10837367.43535016   3792774.34900944],10837367.43535016,-3792774.3490094366,0,0,0,0
2022-07-07 10:00:47.797489,0,0,"[6.123233995736766e-17, 1.0]",[-10837367.43535016   3792774.34900944],10837367.43535016,-3792774.3490094366,0,0,0,0
2022-07-07 10:00:48.296690,0,0,"[6.123233995736766e-17, 1.0]",[-10837367.43535016   3792774.34900944],10837367.43535016,-3792774.3490094366,0,0,0,0
2022-07-07 10:00:48.795890,0,0,"[6.123233995736766e-17, 1.0]",[-10837367.43535016   3792774.34900944],10837367.43535016,-3792774.3490094366,0,0,0,0
2022-07-07 10:00:49.295091,0,0,"[6.123233995736766e-17, 1.0]",[-10837367.43535016   3792774.34900944],10837367.43535016,-3792774.3490094366,0,0,0,0
2022-07-07 10:00:49.794292,0,0,"[6.123233995736766e-17, 1.0]",[-10837367.43535016   3792774.34900944],10837367.43535016,-3792774.3490094366,0,0,0,0
2022-07-07 10:00:50.293493,0,0,"[6.123233995736766e-17, 1.0]",[-10837367.43535016   3792774.34900944],10837367.43535016,-3792774.3490094366,0,0,0,0
2022-07-07 10:00:50.792694,0,0,"[6.123233995736766e-17, 1.0]",[-10837367.43535016   3792774.34900944],10837367.43535016,-3792774.3490094366,0,0,0,0
2022-07-07 10:00:51.291895,0,0,"[6.123233995736766e-17, 1.0]",[-10837367.43535016   3792774.34900944],10837367.43535016,-3792774.3490094366,0,0,0,0
2022-07-07 10:00:51.806696,0,0,"[6.123233995736766e-17, 1.0]",[-10837367.43535016   3792774.34900944],10837367.43535016,-3792774.3490094366,0,0,0,0
2022-07-07 10:00:52.305897,0,0,"[6.123233995736766e-17, 1.0]",[-10837367.43535016   3792774.34900944],10837367.43535016,-3792774.3490094366,0,0,0,0
2022-07-07 10:00:52.805098,0,0,"[6.123233995736766e-17, 1.0]",[-10837367.43535016   3792774.34900944],10837367.43535016,-3792774.3490094366,0,0,0,0
2022-07-07 10:00:53.304298,0,0,"[6.123233995736766e-17, 1.0]",[-10837367.43535016   3792774.34900944],10837367.43535016,-3792774.3490094366,0,0,0,0
2022-07-07 10:00:53.803499,0,0,"[6.123233995736766e-17, 1.0]",[-10837367.43535016   3792774.34900944],10837367.43535016,-3792774.3490094366,0,0,0,0
2022-07-07 10:00:54.302700,0,0,"[6.123233995736766e-17, 1.0]",[-10837367.43535016   3792774.34900944],10837367.43535016,-3792774.3490094366,0,0,0,0
2022-07-07 10:00:54.801901,0,0,"[6.123233995736766e-17, 1.0]",[-10837367.43535016   3792774.34900944],10837367.43535016,-3792774.3490094366,0,0,0,0
2022-07-07 10:00:55.301102,0,0,"[6.123233995736766e-17, 1.0]",[-10837367.43535016   3792774.34900944],10837367.43535016,-3792774.3490094366,0,0,0,0
2022-07-07 10:00:55.800303,0,0,"[6.123233995736766e-17, 1.0]",[-10837367.43535016   3792774.34900944],10837367.43535016,-3792774.3490094366,0,0,0,0
2022-07-07 10:00:56.299504,0,0,"[6.123233995736766e-17, 1.0]",[-10837367.43535016   3792774.34900944],10837367.43535016,-3792774.3490094366,0,0,0,0
2022-07-07 10:00:56.798705,0,0,"[6.123233995736766e-17, 1.0]",[-10837367.43535016   3792774.34900944],10837367.43535016,-3792774.3490094366,0,0,0,0
2022-07-07 10:00:57.297905,0,0,"[6.123233995736766e-17, 1.0]",[-10837367.43535016   3792774.34900944],10837367.43535016,-3792774.3490094366,0,0,0,0
2022-07-07 10:00:57.797106,0,0,"[6.123233995736766e-17, 1.0]",[-10837367.43535016   3792774.34900944],10837367.43535016,-3792774.3490094366,0,0,0,0
2022-07-07 10:00:58.296307,0,0,"[6.123233995736766e-17, 1.0]",[-10837367.43535016   3792774.34900944],10837367.43535016,-3792774.3490094366,0,0,0,0
2022-07-07 10:00:58.795508,0,0,"[6.123233995736766e-17, 1.0]",[-10837367.43535016   3792774.34900944],10837367.43535016,-3792774.3490094366,0,0,0,0
2022-07-07 10:00:59.294709,0,0,"[6.123233995736766e-17, 1.0]",[-10837367.43535016   3792774.34900944],10837367.43535016,-3792774.3490094366,0,0,0,0
2022-07-07 10:00:59.793910,0,0,"[6.123233995736766e-17, 1.0]",[-10837367.43535016   3792774.34900944],10837367.43535016,-3792774.3490094366,0,0,0,0
2022-07-07 10:01:00.293111,0,0,"[6.123233995736766e-17, 1.0]",[-10837367.43535016   3792774.34900944],10837367.43535016,-3792774.3490094366,0,0,0,0
2022-07-07 10:01:00.792312,0,0,"[6.123233995736766e-17, 1.0]",[-10837367.43535016   3792774.34900944],10837367.43535016,-3792774.3490094366,0,0,0,0
2022-07-07 10:01:01.307112,0,0,"[6.123233995736766e-17, 1.0]",[-10837367.43535016   3792774.34900944],10837367.43535016,-3792774.3490094366,0,0,0,0
2022-07-07 10:01:01.806313,0,0,"[6.123233995736766e-17, 1.0]",[-10837367.43535016   3792774.34900944],10837367.43535016,-3792774.3490094366,0,0,0,0
2022-07-07 10:01:02.305514,0,0,"[6.123233995736766e-17, 1.0]",[-10837367.43535016   3792774.34900944],10837367.43535016,-3792774.3490094366,0,0,0,0
2022-07-07 10:01:02.804715,0,0,"[6.123233995736766e-17, 1.0]",[-10837367.43535016   3792774.34900944],10837367.43535016,-3792774.3490094366,0,0,0,0
2022-07-07 10:01:03.303916,0,0,"[6.123233995736766e-17, 1.0]",[-10837367.43535016   3792774.34900944],10837367.43535016,-3792774.3490094366,0,0,0,0
2022-07-07 10:01:03.803117,0,0,"[6.123233995736766e-17, 1.0]",[-10837367.43535016   3792774.34900944],10837367.43535016,-3792774.3490094366,0,0,0,0
2022-07-07 10:01:04.302318,0,0,"[6.123233995736766e-17, 1.0]",[-10837367.43535016   3792774.34900944],10837367.43535016,-3792774.3490094366,0,0,0,0
2022-07-07 10:01:04.801519,0,0,"[6.123233995736766e-17, 1.0]",[-10837367.43535016   3792774.34900944],10837367.43535016,-3792774.3490094366,0,0,0,0
2022-07-07 10:01:05.300719,0,0,"[6.123233995736766e-17, 1.0]",[-10837367.43535016   3792774.34900944],10837367.43535016,-3792774.3490094366,0,0,0,0
2022-07-07 10:01:05.799920,0,0,"[6.123233995736766e-17, 1.0]",[-10837367.43535016   3792774.34900944],10837367.43535016,-3792774.3490094366,0,0,0,0
2022-07-07 10:01:06.299121,0,0,"[6.123233995736766e-17, 1.0]",[-10837367.43535016   3792774.34900944],10837367.43535016,-3792774.3490094366,0,0,0,0
2022-07-07 10:01:06.798322,0,0,"[6.123233995736766e-17, 1.0]",[-10837367.43535016   3792774.34900944],10837367.43535016,-3792774.3490094366,0,0,0,0
2022-07-07 10:01:07.297523,0,0,"[6.123233995736766e-17, 1.0]",[-10837367.43535016   3792774.34900944],10837367.43535016,-3792774.3490094366,0,0,0,0
2022-07-07 10:01:07.796724,0,0,"[6.123233995736766e-17, 1.0]",[-10837367.43535016   3792774.34900944],10837367.43535016,-3792774.3490094366,0,0,0,0
2022-07-07 10:01:08.295925,0,0,"[6.123233995736766e-17, 1.0]",[-10837367.43535016   3792774.34900944],10837367.43535016,-3792774.3490094366,0,0,0,0
2022-07-07 10:01:08.795126,0,0,"[6.123233995736766e-17, 1.0]",[-10837367.43535016   3792774.34900944],10837367.43535016,-3792774.3490094366,0,0,0,0
2022-07-07 10:01:09.294326,0,0,"[6.123233995736766e-17, 1.0]",[-10837367.43535016   3792774.34900944],10837367.43535016,-3792774.3490094366,0,0,0,0
2022-07-07 10:01:09.793527,0,0,"[6.123233995736766e-17, 1.0]",[-10837367.43535016   3792774.34900944],10837367.43535016,-3792774.3490094366,0,0,0,0
2022-07-07 10:01:10.292728,0,0,"[6.123233995736766e-17, 1.0]",[-10837367.43535016   3792774.34900944],10837367.43535016,-3792774.3490094366,0,0,0,0
2022-07-07 10:01:10.791929,0,0,"[6.123233995736766e-17, 1.0]",[-10837367.43535016   3792774.34900944],10837367.43535016,-3792774.3490094366,0,0,0,0
2022-07-07 10:01:11.306730,0,0,"[6.123233995736766e-17, 1.0]",[-10837367.43535016   3792774.34900944],10837367.43535016,-3792774.3490094366,0,0,0,0
2022-07-07 10:01:11.805931,0,0,"[6.123233995736766e-17, 1.0]",[-10837367.43535016   3792774.34900944],10837367.43535016,-3792774.3490094366,0,0,0,0
2022-07-07 10:01:12.305132,0,0,"[6.123233995736766e-17, 1.0]",[-10837367.43535016   3792774.34900944],10837367.43535016,-3792774.3490094366,0,0,0,0
2022-07-07 10:01:12.804333,0,0,"[6.123233995736766e-17, 1.0]",[-10837367.43535016   3792774.34900944],10837367.43535016,-3792774.3490094366,0,0,0,0
2022-07-07 10:01:13.303534,0,0,"[6.123233995736766e-17, 1.0]",[-10837367.43535016   3792774.34900944],10837367.43535016,-3792774.3490094366,0,0,0,0
2022-07-07 10:01:13.802734,0,0,"[6.123233995736766e-17, 1.0]",[-10837367.43535016   3792774.34900944],10837367.43535016,-3792774.3490094366,0,0,0,0
2022-07-07 10:01:14.301935,0,0,"[6.123233995736766e-17, 1.0]",[-10837367.43535016   3792774.34900944],10837367.43535016,-3792774.3490094366,0,0,0,0
2022-07-07 10:01:14.801136,0,0,"[6.123233995736766e-17, 1.0]",[-10837367.43535016   3792774.34900944],10837367.43535016,-3792774.3490094366,0,0,0,0
2022-07-07 10:01:15.300337,0,0,"[6.123233995736766e-17, 1.0]",[-10837367.43535016   3792774.34900944],10837367.43535016,-3792774.3490094366,0,0,0,0
2022-07-07 10:01:15.799538,0,0,"[6.123233995736766e-17, 1.0]",[-10837367.43535016   3792774.34900944],10837367.43535016,-3792774.3490094366,0,0,0,0
2022-07-07 10:01:16.298739,0,0,"[6.123233995736766e-17, 1.0]",[-10837367.43535016   3792774.34900944],10837367.43535016,-3792774.3490094366,0,0,0,0
2022-07-07 10:01:16.797940,0,0,"[6.123233995736766e-17, 1.0]",[-10837367.43535016   3792774.34900944],10837367.43535016,-3792774.3490094366,0,0,0,0
2022-07-07 10:01:17.297141,0,0,"[6.123233995736766e-17, 1.0]",[-10837367.43535016   3792774.34900944],10837367.43535016,-3792774.3490094366,0,0,0,0
2022-07-07 10:01:17.796341,0,0,"[6.123233995736766e-17, 1.0]",[-10837367.43535016   3792774.34900944],10837367.43535016,-3792774.3490094366,0,0,0,0
2022-07-07 10:01:18.295542,0,0,"[6.123233995736766e-17, 1.0]",[-10837367.43535016   3792774.34900944],10837367.43535016,-3792774.3490094366,0,0,0,0
2022-07-07 10:01:18.794743,0,0,"[6.123233995736766e-17, 1.0]",[-10837367.43535016   3792774.34900944],10837367.43535016,-3792774.3490094366,0,0,0,0
2022-07-07 10:01:19.293944,0,0,"[6.123233995736766e-17, 1.0]",[-10837367.43535016   3792774.34900944],10837367.43535016,-3792774.3490094366,0,0,0,0
2022-07-07 10:01:19.793145,0,0,"[6.123233995736766e-17, 1.0]",[-10837367.43535016   3792774.34900944],10837367.43535016,-3792774.3490094366,0,0,0,0
2022-07-07 10:01:20.307946,0,0,"[6.123233995736766e-17, 1.0]",[-10837367.43535016   3792774.34900944],10837367.43535016,-3792774.3490094366,0,0,0,0
2022-07-07 10:01:20.807147,0,0,"[6.123233995736766e-17, 1.0]",[-10837367.43535016   3792774.34900944],10837367.43535016,-3792774.3490094366,0,0,0,0
2022-07-07 10:01:21.306348,0,0,"[6.123233995736766e-17, 1.0]",[-10837367.43535016   3792774.34900944],10837367.43535016,-3792774.3490094366,0,0,0,0
2022-07-07 10:01:21.805548,0,0,"[6.123233995736766e-17, 1.0]",[-10837367.43535016   3792774.34900944],10837367.43535016,-3792774.3490094366,0,0,0,0
2022-07-07 10:01:22.304749,0,0,"[6.123233995736766e-17, 1.0]",[-10837367.43535016   3792774.34900944],10837367.43535016,-3792774.3490094366,0,0,0,0
2022-07-07 10:01:22.803950,0,0,"[6.123233995736766e-17, 1.0]",[-10837367.43535016   3792774.34900944],10837367.43535016,-3792774.3490094366,0,0,0,0
2022-07-07 10:01:23.303151,0,0,"[6.123233995736766e-17, 1.0]",[-10837367.43535016   3792774.34900944],10837367.43535016,-3792774.3490094366,0,0,0,0
2022-07-07 10:01:23.802352,0,0,"[6.123233995736766e-17, 1.0]",[-10837367.43535016   3792774.34900944],10837367.43535016,-3792774.3490094366,0,0,0,0
2022-07-07 10:01:24.301553,0,0,"[6.123233995736766e-17, 1.0]",[-10837367.43535016   3792774.34900944],10837367.43535016,-3792774.3490094366,0,0,0,0
2022-07-07 10:01:24.800754,0,0,"[6.123233995736766e-17, 1.0]",[-10837367.43535016   3792774.34900944],10837367.43535016,-3792774.3490094366,0,0,0,0
