datetime,Latitude,Longitude,Cartesian X,Cartesian Y,Robot Vector,Robot to Waypoint Vector,Thrust Control,Yaw Control,Vehicle Speed (Kn),C True Heading
2022-07-07 09:54:18.070208,0,0,"[6.123233995736766e-17, 1.0]",[-10837367.43535016   3792774.34900944],10837367.43535016,-3792774.3490094366,0,0,0,0
2022-07-07 09:54:18.581237,0,0,"[0.9191353392552344, 0.39394190959095116]",[-10837367.43535016   3792774.34900944],10837367.43535016,-3792774.3490094366,0,0,0,66.8
2022-07-07 09:54:19.123268,34.10914833333333,-117.7126615,"[0.9163627295622396, 0.40034903255689486]",[-5.66207357  4.74432357],5.662073566081201,-4.744323572836587,FF,1,0.19440000000000002,66.4
2022-07-07 09:54:19.582295,34.109148833333336,-117.71266083333333,"[0.9177546256839811, 0.39714789063478073]",[-5.72345106  4.68872603],5.723451058334532,-4.688726030754658,96,1,0.19440000000000002,66.6
2022-07-07 09:54:20.082323,34.109148833333336,-117.71266083333333,"[0.9177546256839811, 0.39714789063478073]",[-5.72345106  4.68872603],5.723451058334532,-4.688726030754658,96,1,0.19440000000000002,66.6
2022-07-07 09:54:20.582352,34.109149333333335,-117.71266,"[0.9184463813430872, 0.3955455025629649]",[-5.80017292  4.63312849],5.800172923065553,-4.63312848867273,96,1,0.19440000000000002,66.7
2022-07-07 09:54:21.082380,34.109149333333335,-117.71266,"[0.917060074385124, 0.3987490689252462]",[-5.80017292  4.63312849],5.800172923065553,-4.63312848867273,96,1,0.19440000000000002,66.5
2022-07-07 09:54:21.582409,34.1091495,-117.71265933333333,"[0.917060074385124, 0.3987490689252462]",[-5.86155041  4.61459598],5.86155041297631,-4.61459597511697,96,1,0.19440000000000002,66.5
2022-07-07 09:54:22.082438,34.1091495,-117.71265933333333,"[0.917060074385124, 0.3987490689252462]",[-5.86155041  4.61459598],5.86155041297631,-4.61459597511697,96,1,0.19440000000000002,66.5
2022-07-07 09:54:22.582466,34.10915,-117.71265833333334,"[0.9191353392552344, 0.39394190959095116]",[-5.95361665  4.55899843],5.95361665018502,-4.558998433035041,96,1,0.19440000000000002,66.8
2022-07-07 09:54:23.082495,34.10915,-117.71265833333334,"[0.9191353392552344, 0.39394190959095116]",[-5.95361665  4.55899843],5.95361665018502,-4.558998433035041,96,1,0.19440000000000002,66.8
2022-07-07 09:54:23.582523,34.1091505,-117.71265766666667,"[0.9198214973217377, 0.39233711660356135]",[-6.01499414  4.50340089],6.014994140095777,-4.503400891660436,96,1,0.19440000000000002,66.9
2022-07-07 09:54:24.082552,34.1091505,-117.71265766666667,"[0.9205048534524404, 0.39073112848927377]",[-6.01499414  4.50340089],6.014994140095777,-4.503400891660436,96,1,0.19440000000000002,67.0
2022-07-07 09:54:24.582581,34.109151,-117.71265683333333,"[0.9225380894562464, 0.38590604232431863]",[-6.091716    4.44780335],6.0917160048267975,-4.447803349578508,96,1,0.19440000000000002,67.3
2022-07-07 09:54:25.082609,34.109151,-117.71265683333333,"[0.9225380894562464, 0.38590604232431863]",[-6.091716    4.44780335],6.0917160048267975,-4.447803349578508,96,1,0.19440000000000002,67.3
2022-07-07 09:54:25.582638,34.1091515,-117.712656,"[0.9232102171129809, 0.3842953226598036]",[-6.16843787  4.39220581],6.168437869557818,-4.3922058067892555,96,1,0.19440000000000002,67.4
2022-07-07 09:54:26.082666,34.1091515,-117.712656,"[0.9258705848099947, 0.37784078681846717]",[-6.16843787  4.39220581],6.168437869557818,-4.3922058067892555,96,1,0.19440000000000002,67.8
2022-07-07 09:54:26.582695,34.109151833333335,-117.71265583333333,"[0.9265286308718373, 0.3762242631393655]",[-6.18378224  4.35514078],6.183782242035507,-4.35514077897041,96,1,0.19440000000000002,67.9
2022-07-07 09:54:27.082724,34.109151833333335,-117.71265583333333,"[0.9271838545667874, 0.374606593415912]",[-6.18378224  4.35514078],6.183782242035507,-4.35514077897041,96,1,0.19440000000000002,68.0
2022-07-07 09:54:27.582752,34.10915216666667,-117.7126555,"[0.92783625389892, 0.372987782575809]",[-6.21447099  4.31807575],6.214470986990886,-4.318075751151566,96,1,0.19440000000000002,68.1
2022-07-07 09:54:28.082781,34.10915216666667,-117.7126555,"[0.9291325715340562, 0.36974675727382933]",[-6.21447099  4.31807575],6.214470986990886,-4.318075751151566,96,1,0.19440000000000002,68.3
2022-07-07 09:54:28.582809,34.1091525,-117.71265483333333,"[0.9310558158625283, 0.3648767843376197]",[-6.27584848  4.28101072],6.275848479244217,-4.281010723332722,96,1,0.19440000000000002,68.6
2022-07-07 09:54:29.082838,34.1091525,-117.71265483333333,"[0.9310558158625283, 0.3648767843376197]",[-6.27584848  4.28101072],6.275848479244217,-4.281010723332722,96,1,0.19440000000000002,68.6
2022-07-07 09:54:29.582867,34.1091525,-117.71265433333333,"[0.9335804264972017, 0.35836794954530027]",[-6.3218816   4.28101072],6.321881596677285,-4.281010723332722,96,1,0.19440000000000002,69.0
2022-07-07 09:54:30.082895,34.1091525,-117.71265433333333,"[0.9342044743210295, 0.3567379993196253]",[-6.3218816   4.28101072],6.321881596677285,-4.281010723332722,96,1,0.19440000000000002,69.1
2022-07-07 09:54:30.582924,34.10915266666667,-117.71265366666667,"[0.9354440308298673, 0.3534748437792572]",[-6.38325909  4.26247821],6.383259088930616,-4.262478209776962,96,1,0.19440000000000002,69.3
2022-07-07 09:54:31.082952,34.10915266666667,-117.71265366666667,"[0.9372819894918915, 0.3485720473218153]",[-6.38325909  4.26247821],6.383259088930616,-4.262478209776962,97,1,0.19440000000000002,69.6
2022-07-07 09:54:31.582981,34.10915283333333,-117.71265316666667,"[0.9378889346118977, 0.3469356515732558]",[-6.42929221  4.2439457 ],6.429292206363685,-4.243945696221202,97,1,0.19440000000000002,69.7
2022-07-07 09:54:32.083010,34.10915283333333,-117.71265316666667,"[0.9408807689542255, 0.3387379202452913]",[-6.42929221  4.2439457 ],6.429292206363685,-4.243945696221202,97,1,0.19440000000000002,70.2
2022-07-07 09:54:32.583038,34.10915266666667,-117.71265266666667,"[0.941470544812038, 0.33709525842308213]",[-6.47532533  4.26247821],6.475325326139326,-4.262478209776962,97,1,0.19440000000000002,70.3
2022-07-07 09:54:33.083067,34.10915266666667,-117.71265266666667,"[0.943222657947601, 0.3321611318837034]",[-6.47532533  4.26247821],6.475325326139326,-4.262478209776962,97,1,0.19440000000000002,70.6
2022-07-07 09:54:33.583095,34.109153,-117.712652,"[0.9438009515832294, 0.330514392713223]",[-6.53670282  4.22541318],6.5367028160500835,-4.2254131819581175,97,1,0.19440000000000002,70.7
2022-07-07 09:54:34.083124,34.109153,-117.712652,"[0.944376370237481, 0.32886664673858323]",[-6.53670282  4.22541318],6.5367028160500835,-4.2254131819581175,97,1,0.19440000000000002,70.8
2022-07-07 09:54:34.583153,34.10915333333333,-117.71265133333333,"[0.9477684100095858, 0.31895930929806987]",[-6.59808031  4.18834815],6.598080308303414,-4.188348154139273,97,1,0.19440000000000002,71.4
2022-07-07 09:54:35.083181,34.10915333333333,-117.71265133333333,"[0.9472102777460288, 0.3206129905856763]",[-6.59808031  4.18834815],6.598080308303414,-4.188348154139273,97,1,0.19440000000000002,71.3
2022-07-07 09:54:35.583210,34.10915383333333,-117.71265066666666,"[0.9494254776419039, 0.3139924559674049]",[-6.6594578   4.13275061],6.659457800556746,-4.132750612764669,97,1,0.19440000000000002,71.7
2022-07-07 09:54:36.082238,34.10915383333333,-117.71265066666666,"[0.9510565162951535, 0.3090169943749474]",[-6.6594578   4.13275061],6.659457800556746,-4.132750612764669,97,1,0.19440000000000002,72.0
2022-07-07 09:54:36.582267,34.109154333333336,-117.71265016666666,"[0.9515944038794382, 0.30735661779980716]",[-6.70549092  4.07715307],6.705490917989813,-4.077153069975417,97,1,0.19440000000000002,72.1
2022-07-07 09:54:37.082295,34.109154333333336,-117.71265016666666,"[0.9526614812535863, 0.3040330609254903]",[-6.70549092  4.07715307],6.705490917989813,-4.077153069975417,97,1,0.19440000000000002,72.3
2022-07-07 09:54:37.582324,34.10915466666667,-117.71264933333333,"[0.9552783621223436, 0.2957080500440467]",[-6.78221278  4.04008804],6.782212782720834,-4.0400880421565715,97,1,0.19440000000000002,72.8
2022-07-07 09:54:38.082353,34.10915466666667,-117.71264933333333,"[0.9568135840576074, 0.29070219359825256]",[-6.78221278  4.04008804],6.782212782720834,-4.0400880421565715,97,1,0.19440000000000002,73.1
2022-07-07 09:54:38.582381,34.10915466666667,-117.71264883333333,"[0.9568135840576074, 0.29070219359825256]",[-6.8282459   4.04008804],6.828245900153902,-4.0400880421565715,97,1,0.19440000000000002,73.1
2022-07-07 09:54:39.082410,34.10915466666667,-117.71264883333333,"[0.9573194975320672, 0.28903179694447156]",[-6.8282459   4.04008804],6.828245900153902,-4.0400880421565715,97,1,0.19440000000000002,73.2
2022-07-07 09:54:39.582438,34.109154833333335,-117.71264833333333,"[0.9598052919751869, 0.28066670892078777]",[-6.87427902  4.02155553],6.874279017586971,-4.021555527893487,97,1,0.19440000000000002,73.7
2022-07-07 09:54:40.082467,34.109154833333335,-117.71264833333333,"[0.9602936856769431, 0.27899110603922933]",[-6.87427902  4.02155553],6.874279017586971,-4.021555527893487,97,1,0.19440000000000002,73.8
2022-07-07 09:54:40.582496,34.109154833333335,-117.71264833333333,"[0.9602936856769431, 0.27899110603922933]",[-6.87427902  4.02155553],6.874279017586971,-4.021555527893487,97,1,0.19440000000000002,73.8
2022-07-07 09:54:41.082524,34.109155,-117.71264766666667,"[0.9626917464264788, 0.2706004459758637]",[-6.93565651  4.00302301],6.935656509840301,-4.003023014337727,97,1,0.19440000000000002,74.3
2022-07-07 09:54:41.582553,34.109155,-117.71264766666667,"[0.9626917464264788, 0.2706004459758637]",[-6.93565651  4.00302301],6.935656509840301,-4.003023014337727,98,1,0.19440000000000002,74.3
2022-07-07 09:54:42.081581,34.10915516666667,-117.71264683333334,"[0.9645574184577981, 0.2638730499653728]",[-7.01237837  3.9844905 ],7.012378372228748,-3.984490500074643,98,1,0.19440000000000002,74.7
2022-07-07 09:54:42.582610,34.10915516666667,-117.71264683333334,"[0.9645574184577981, 0.2638730499653728]",[-7.01237837  3.9844905 ],7.012378372228748,-3.984490500074643,98,1,0.19440000000000002,74.7
2022-07-07 09:54:43.082639,34.1091555,-117.71264583333334,"[0.9672677527758768, 0.25375794458480566]",[-7.10444461  3.94742547],7.104444609437457,-3.947425472255799,98,1,0.19440000000000002,75.3
2022-07-07 09:54:43.582667,34.109156,-117.712645,"[0.9672677527758768, 0.25375794458480566]",[-7.18116647  3.89182793],7.181166474168477,-3.8918279308811945,98,1,0.19440000000000002,75.3
2022-07-07 09:54:44.082696,34.109156,-117.712645,"[0.9690157314068695, 0.24699901272274286]",[-7.18116647  3.89182793],7.181166474168477,-3.8918279308811945,98,1,0.19440000000000002,75.7
2022-07-07 09:54:44.582724,34.109156166666665,-117.71264416666666,"[0.9702957262759965, 0.24192189559966773]",[-7.25788834  3.87329542],7.257888338899499,-3.8732954166181104,98,1,0.19440000000000002,76.0
2022-07-07 09:54:45.082753,34.109156166666665,-117.71264416666666,"[0.9707164815781908, 0.24022804247726381]",[-7.25788834  3.87329542],7.257888338899499,-3.8732954166181104,98,1,0.19440000000000002,76.1
2022-07-07 09:54:45.582782,34.109156166666665,-117.71264416666666,"[0.9707164815781908, 0.24022804247726381]",[-7.25788834  3.87329542],7.257888338899499,-3.8732954166181104,98,1,0.19440000000000002,76.1
2022-07-07 09:54:46.082810,34.109156666666664,-117.71264333333333,"[0.9715491199976461, 0.23683814606561873]",[-7.3346102   3.81769788],7.334610203630519,-3.8176978752435056,98,1,0.19440000000000002,76.3
2022-07-07 09:54:46.582839,34.10915683333333,-117.71264283333333,"[0.9727758782093966, 0.23174790349415741]",[-7.38064332  3.79916536],7.380643321063587,-3.7991653609804215,98,1,0.19440000000000002,76.6
2022-07-07 09:54:47.082867,34.10915683333333,-117.71264283333333,"[0.9743700647852352, 0.224951054343865]",[-7.38064332  3.79916536],7.380643321063587,-3.7991653609804215,98,1,0.19440000000000002,77.0
2022-07-07 09:54:47.582896,34.109157,-117.71264233333333,"[0.9743700647852352, 0.224951054343865]",[-7.42667644  3.78063285],7.4266764384966555,-3.7806328467173373,98,1,0.19440000000000002,77.0
2022-07-07 09:54:48.082925,34.109157,-117.71264233333333,"[0.9751493543055633, 0.22154849761946724]",[-7.42667644  3.78063285],7.4266764384966555,-3.7806328467173373,99,1,0.19440000000000002,77.2
2022-07-07 09:54:48.582953,34.10915716666667,-117.71264183333334,"[0.9762960071199334, 0.21643961393810288]",[-7.47270956  3.76210033],7.472709558272296,-3.762100332454253,99,1,0.19440000000000002,77.5
2022-07-07 09:54:49.082982,34.10915716666667,-117.71264183333334,"[0.9770455744352636, 0.2130303862749765]",[-7.47270956  3.76210033],7.472709558272296,-3.762100332454253,99,1,0.19440000000000002,77.7
2022-07-07 09:54:49.583010,34.10915766666667,-117.71264116666667,"[0.9781476007338057, 0.20791169081775934]",[-7.53408705  3.70650279],7.5340870481830535,-3.7065027910796484,99,1,0.19440000000000002,78.0
2022-07-07 09:54:50.083039,34.10915766666667,-117.71264116666667,"[0.9777832367586062, 0.20961856290382172]",[-7.53408705  3.70650279],7.5340870481830535,-3.7065027910796484,99,1,0.0,77.9
2022-07-07 09:54:50.583068,34.109157833333335,-117.71264066666667,"[0.9792228106217657, 0.20278729535651255]",[-7.58012017  3.68797028],7.580120167958697,-3.6879702768165643,99,1,0.19440000000000002,78.3
2022-07-07 09:54:51.083096,34.109157833333335,-117.71264066666667,"[0.9792228106217657, 0.20278729535651255]",[-7.58012017  3.68797028],7.580120167958697,-3.6879702768165643,99,1,0.0,78.3
2022-07-07 09:54:51.583125,34.109158,-117.71264016666666,"[0.9802711746217219, 0.19765734037912627]",[-7.62615329  3.66943776],7.626153287734338,-3.669437763260804,99,1,0.19440000000000002,78.6
2022-07-07 09:54:52.083153,34.109158,-117.71264016666666,"[0.9802711746217219, 0.19765734037912627]",[-7.62615329  3.66943776],7.626153287734338,-3.669437763260804,99,1,0.19440000000000002,78.6
2022-07-07 09:54:52.583182,34.10915833333333,-117.71263916666666,"[0.980614658546613, 0.19594614424251763]",[-7.71821952  3.63237274],7.718219522600474,-3.63237273544196,99,1,0.19440000000000002,78.7
2022-07-07 09:54:53.083211,34.10915833333333,-117.71263916666666,"[0.9819587126964436, 0.1890954429898914]",[-7.71821952  3.63237274],7.718219522600474,-3.63237273544196,99,1,0.19440000000000002,79.1
2022-07-07 09:54:53.582239,34.1091585,-117.7126385,"[0.9832549075639546, 0.18223552549214747]",[-7.77959701  3.61384022],7.779597014853805,-3.613840221178876,99,1,0.19440000000000002,79.5
2022-07-07 09:54:54.082268,34.1091585,-117.7126385,"[0.9832549075639546, 0.18223552549214747]",[-7.77959701  3.61384022],7.779597014853805,-3.613840221178876,99,1,0.0,79.5
2022-07-07 09:54:54.583296,34.1091585,-117.712638,"[0.9838850379335417, 0.17880221511634956]",[-7.82563013  3.61384022],7.825630132286872,-3.613840221178876,99,1,0.19440000000000002,79.7
2022-07-07 09:54:55.083325,34.1091585,-117.712638,"[0.984807753012208, 0.17364817766693033]",[-7.82563013  3.61384022],7.825630132286872,-3.613840221178876,99,1,0.0,80.0
2022-07-07 09:54:55.582354,34.109158666666666,-117.712637,"[0.984807753012208, 0.17364817766693033]",[-7.91769637  3.59530771],7.917696369495582,-3.5953077076231157,99,1,0.19440000000000002,80.0
2022-07-07 09:54:56.082382,34.109158666666666,-117.712637,"[0.985996037070505, 0.16676874671610217]",[-7.91769637  3.59530771],7.917696369495582,-3.5953077076231157,9A,1,0.19440000000000002,80.4
2022-07-07 09:54:56.582411,34.1091585,-117.71263633333334,"[0.985996037070505, 0.16676874671610217]",[-7.97907386  3.61384022],7.9790738594063395,-3.613840221178876,9A,1,0.0,80.4
2022-07-07 09:54:57.082439,34.1091585,-117.71263633333334,"[0.9862856015372314, 0.16504760586067765]",[-7.97907386  3.61384022],7.9790738594063395,-3.613840221178876,9A,1,0.0,80.5
2022-07-07 09:54:57.582468,34.10915833333333,-117.712636,"[0.9868557164068072, 0.16160382110336108]",[-8.00976261  3.63237274],8.009762606704292,-3.63237273544196,9A,1,0.0,80.7
2022-07-07 09:54:58.082497,34.10915833333333,-117.712636,"[0.9879598657693891, 0.1547103862994682]",[-8.00976261  3.63237274],8.009762606704292,-3.63237273544196,9A,1,0.0,81.1
2022-07-07 09:54:58.582525,34.10915816666667,-117.71263566666667,"[0.9887563810470059, 0.14953534344370945]",[-8.04045135  3.65090525],8.040451351659671,-3.65090524899772,9A,1,0.0,81.4
2022-07-07 09:54:59.082554,34.10915816666667,-117.71263566666667,"[0.9884938868086836, 0.15126082024721926]",[-8.04045135  3.65090525],8.040451351659671,-3.65090524899772,9A,1,0.0,81.3
2022-07-07 09:54:59.582582,34.109158,-117.71263533333334,"[0.9892723329629883, 0.1460830285624117]",[-8.0711401   3.66943776],8.07114009661505,-3.669437763260804,9A,1,0.0,81.6
2022-07-07 09:55:00.082611,34.109158,-117.71263533333334,"[0.989776230907789, 0.14262893370551172]",[-8.0711401   3.66943776],8.07114009661505,-3.669437763260804,9A,1,0.0,81.8
2022-07-07 09:55:00.582640,34.109157833333335,-117.71263483333334,"[0.9900236577165575, 0.14090123193758256]",[-8.11717322  3.68797028],8.117173216390691,-3.6879702768165643,9A,1,0.0,81.9
2022-07-07 09:55:01.082668,34.109157833333335,-117.71263483333334,"[0.9902680687415704, 0.13917310096006544]",[-8.11717322  3.68797028],8.117173216390691,-3.6879702768165643,9A,1,0.0,82.0
2022-07-07 09:55:01.582697,34.1091575,-117.7126345,"[0.9905094632383088, 0.13744454603714676]",[-8.14786196  3.7250353 ],8.14786196134607,-3.7250353046354086,9A,1,0.0,82.1
2022-07-07 09:55:02.082725,34.1091575,-117.7126345,"[0.9914448613738104, 0.13052619222005157]",[-8.14786196  3.7250353 ],8.14786196134607,-3.7250353046354086,9A,1,0.0,82.5
2022-07-07 09:55:02.582754,34.1091575,-117.71263433333333,"[0.9914448613738104, 0.13052619222005157]",[-8.16320633  3.7250353 ],8.16320633382376,-3.7250353046354086,9A,1,0.19440000000000002,82.5
2022-07-07 09:55:03.082783,34.1091575,-117.71263433333333,"[0.9918944425900297, 0.12706460860135044]",[-8.16320633  3.7250353 ],8.16320633382376,-3.7250353046354086,9A,1,0.0,82.7
2022-07-07 09:55:03.582811,34.109157333333336,-117.71263433333333,"[0.992546151641322, 0.12186934340514748]",[-8.16320633  3.74356782],8.16320633382376,-3.7435678188984927,9A,1,0.19440000000000002,83.0
2022-07-07 09:55:04.082840,34.109157333333336,-117.71263433333333,"[0.9923319378854887, 0.1236014767404926]",[-8.16320633  3.74356782],8.16320633382376,-3.7435678188984927,9A,1,0.0,82.9
2022-07-07 09:55:04.582868,34.109157,-117.712634,"[0.9929655081065369, 0.1184039683065009]",[-8.19389508  3.78063285],8.193895081121711,-3.7806328467173373,9A,1,0.0,83.2
2022-07-07 09:55:05.082897,34.109157,-117.712634,"[0.9929655081065369, 0.1184039683065009]",[-8.19389508  3.78063285],8.193895081121711,-3.7806328467173373,9B,1,0.0,83.2
2022-07-07 09:55:05.582926,34.10915683333333,-117.71263366666666,"[0.9935718556765875, 0.11320321376790672]",[-8.22458383  3.79916536],8.22458382607709,-3.7991653609804215,9B,1,0.0,83.5
2022-07-07 09:55:06.082954,34.10915683333333,-117.71263366666666,"[0.9939609554551797, 0.10973431109104521]",[-8.22458383  3.79916536],8.22458382607709,-3.7991653609804215,9B,1,0.0,83.7
2022-07-07 09:55:06.582983,34.109156666666664,-117.71263316666666,"[0.9939609554551797, 0.10973431109104521]",[-8.27061694  3.81769788],8.27061694351016,-3.8176978752435056,9B,1,0.19440000000000002,83.7
2022-07-07 09:55:07.083011,34.109156666666664,-117.71263316666666,"[0.9947028171171742, 0.10279253678724691]",[-8.27061694  3.81769788],8.27061694351016,-3.8176978752435056,9B,1,0.0,84.1
2022-07-07 09:55:07.583040,34.10915683333333,-117.71263266666666,"[0.9947028171171742, 0.10279253678724691]",[-8.31665006  3.79916536],8.3166500632858,-3.7991653609804215,9B,1,0.0,84.1
2022-07-07 09:55:08.083069,34.10915683333333,-117.71263266666666,"[0.9950555699612262, 0.09931974974363907]",[-8.31665006  3.79916536],8.3166500632858,-3.7991653609804215,9B,1,0.0,84.3
2022-07-07 09:55:08.583097,34.10915683333333,-117.71263216666667,"[0.9957246981845821, 0.09237058744656153]",[-8.36268318  3.79916536],8.362683180718868,-3.7991653609804215,9B,1,0.0,84.7
2022-07-07 09:55:09.083126,34.10915683333333,-117.71263216666667,"[0.99556196460308, 0.09410831331851442]",[-8.36268318  3.79916536],8.362683180718868,-3.7991653609804215,9B,1,0.0,84.6
2022-07-07 09:55:09.583154,34.10915683333333,-117.71263166666667,"[0.9958843986159703, 0.0906325801977802]",[-8.4087163   3.79916536],8.408716298151937,-3.7991653609804215,9B,1,0.0,84.8
2022-07-07 09:55:10.083183,34.10915683333333,-117.71263166666667,"[0.9961946980917455, 0.08715574274765817]",[-8.4087163   3.79916536],8.408716298151937,-3.7991653609804215,9B,1,0.0,85.0
2022-07-07 09:55:10.582212,34.109157,-117.71263116666667,"[0.9963452961909064, 0.08541692313736757]",[-8.45474942  3.78063285],8.454749417927577,-3.7806328467173373,9B,1,0.0,85.1
2022-07-07 09:55:11.082240,34.109157,-117.71263116666667,"[0.9964928592495044, 0.08367784333231544]",[-8.45474942  3.78063285],8.454749417927577,-3.7806328467173373,9B,1,0.0,85.2
2022-07-07 09:55:11.582269,34.109157,-117.712631,"[0.9964928592495044, 0.08367784333231544]",[-8.47009379  3.78063285],8.470093790405269,-3.7806328467173373,9B,1,0.0,85.2
2022-07-07 09:55:12.082297,34.109157,-117.712631,"[0.9970527522269202, 0.07671902812681873]",[-8.47009379  3.78063285],8.470093790405269,-3.7806328467173373,9B,1,0.0,85.6
2022-07-07 09:55:12.582326,34.10915716666667,-117.71263,"[0.9971851335251157, 0.07497872682632765]",[-8.56216003  3.76210033],8.562160027613977,-3.762100332454253,9B,1,0.0,85.7
2022-07-07 09:55:13.082355,34.10915716666667,-117.71263,"[0.9975640502598242, 0.0697564737441253]",[-8.56216003  3.76210033],8.562160027613977,-3.762100332454253,9C,1,0.0,86.0
2022-07-07 09:55:13.582383,34.10915716666667,-117.71262916666667,"[0.99780146829205, 0.0662739004000001]",[-8.63888189  3.76210033],8.638881890002425,-3.762100332454253,9C,1,0.0,86.2
2022-07-07 09:55:14.083412,34.10915716666667,-117.71262916666667,"[0.9980267284282716, 0.06279051952931328]",[-8.63888189  3.76210033],8.638881890002425,-3.762100332454253,9C,1,0.0,86.4
2022-07-07 09:55:14.582440,34.109157,-117.7126285,"[0.9983418166140283, 0.05756402695956723]",[-8.70025938  3.78063285],8.700259382255755,-3.7806328467173373,9C,1,0.19440000000000002,86.7
2022-07-07 09:55:15.083469,34.109157,-117.7126285,"[0.9982398279237653, 0.05930637357596172]",[-8.70025938  3.78063285],8.700259382255755,-3.7806328467173373,9C,1,0.19440000000000002,86.6
2022-07-07 09:55:15.582498,34.109157,-117.71262783333333,"[0.9985366703262117, 0.054078812984775196]",[-8.76163687  3.78063285],8.761636874509087,-3.7806328467173373,9C,1,0.0,86.9
2022-07-07 09:55:16.083526,34.109157,-117.71262783333333,"[0.9985366703262117, 0.054078812984775196]",[-8.76163687  3.78063285],8.761636874509087,-3.7806328467173373,9C,1,0.0,86.9
2022-07-07 09:55:16.582555,34.10915716666667,-117.71262716666666,"[0.9987193571841861, 0.05059294007671341]",[-8.82301436  3.76210033],8.823014364419842,-3.762100332454253,9C,1,0.0,87.1
2022-07-07 09:55:17.082583,34.10915716666667,-117.71262716666666,"[0.99888987496197, 0.047106450709642714]",[-8.82301436  3.76210033],8.823014364419842,-3.762100332454253,9C,1,0.0,87.3
2022-07-07 09:55:17.582612,34.109157,-117.71262683333333,"[0.9990482215818578, 0.043619387365336]",[-8.85370311  3.78063285],8.853703111717797,-3.7806328467173373,9C,1,0.0,87.5
2022-07-07 09:55:18.082641,34.109157,-117.71262683333333,"[0.9993283937786562, 0.03664370870655617]",[-8.85370311  3.78063285],8.853703111717797,-3.7806328467173373,9C,1,0.0,87.9
2022-07-07 09:55:18.582669,34.10915716666667,-117.71262583333333,"[0.9993283937786562, 0.03664370870655617]",[-8.94576935  3.76210033],8.945769346583933,-3.762100332454253,9C,1,0.0,87.9
2022-07-07 09:55:19.082698,34.10915716666667,-117.71262583333333,"[0.9994502159417572, 0.03315517838852638]",[-8.94576935  3.76210033],8.945769346583933,-3.762100332454253,9D,1,0.19440000000000002,88.1
2022-07-07 09:55:19.582726,34.1091575,-117.71262483333334,"[0.9996101150403544, 0.02792163872356878]",[-9.03783558  3.7250353 ],9.037835583792642,-3.7250353046354086,9D,1,0.0,88.4
2022-07-07 09:55:20.082755,34.1091575,-117.71262483333334,"[0.9996101150403544, 0.02792163872356878]",[-9.03783558  3.7250353 ],9.037835583792642,-3.7250353046354086,9D,1,0.0,88.4
2022-07-07 09:55:20.582784,34.109157833333335,-117.712624,"[0.9997426093226983, 0.02268733357278131]",[-9.11455745  3.68797028],9.114557448523662,-3.6879702768165643,9D,1,0.0,88.7
2022-07-07 09:55:21.082812,34.109157833333335,-117.712624,"[0.9997806834748455, 0.02094241988335701]",[-9.11455745  3.68797028],9.114557448523662,-3.6879702768165643,9D,1,0.0,88.8
2022-07-07 09:55:21.583841,34.109157833333335,-117.7126235,"[0.9998157121216442, 0.019197442399689568]",[-9.16059057  3.68797028],9.16059056595673,-3.6879702768165643,9D,1,0.0,88.9
2022-07-07 09:55:22.082869,34.109157833333335,-117.7126235,"[0.9998766324816606, 0.015707317311820772]",[-9.16059057  3.68797028],9.16059056595673,-3.6879702768165643,9D,1,0.0,89.1
2022-07-07 09:55:22.583898,34.109157833333335,-117.71262283333333,"[0.9998766324816606, 0.015707317311820772]",[-9.22196806  3.68797028],9.221968058210061,-3.6879702768165643,9D,1,0.0,89.1
2022-07-07 09:55:23.082927,34.109157833333335,-117.71262283333333,"[0.999925369660452, 0.012217000835247219]",[-9.22196806  3.68797028],9.221968058210061,-3.6879702768165643,9D,1,0.0,89.3
2022-07-07 09:55:23.582955,34.109158,-117.712622,"[0.9999451693655121, 0.010471784116245693]",[-9.29868992  3.66943776],9.298689922941083,-3.669437763260804,9D,1,0.0,89.4
2022-07-07 09:55:24.082984,34.109158,-117.712622,"[0.9999862922474267, 0.00523596383141953]",[-9.29868992  3.66943776],9.298689922941083,-3.669437763260804,9D,1,0.0,89.7
2022-07-07 09:55:24.583012,34.109158,-117.7126215,"[0.9999939076577904, 0.0034906514152237816]",[-9.34472304  3.66943776],9.344723040374149,-3.669437763260804,9D,1,0.0,89.8
2022-07-07 09:55:25.083041,34.109158,-117.7126215,"[1.0, 0.0]",[-9.34472304  3.66943776],9.344723040374149,-3.669437763260804,9E,1,0.0,90.0
2022-07-07 09:55:25.583070,34.109157833333335,-117.71262133333333,"[0.9999939076577904, -0.0034906514152237816]",[-9.36006741  3.68797028],9.36006741285184,-3.6879702768165643,9E,1,0.0,90.2
2022-07-07 09:55:26.083098,34.109157833333335,-117.71262133333333,"[0.9999939076577904, -0.0034906514152237816]",[-9.36006741  3.68797028],9.36006741285184,-3.6879702768165643,9E,1,0.0,90.2
2022-07-07 09:55:26.583127,34.109157833333335,-117.71262116666666,"[0.9999619230641713, -0.008726535498373935]",[-9.37541179  3.68797028],9.375411785329527,-3.6879702768165643,9E,1,0.0,90.5
2022-07-07 09:55:27.083155,34.109157833333335,-117.71262116666666,"[0.9999756307053947, -0.006981260297961651]",[-9.37541179  3.68797028],9.375411785329527,-3.6879702768165643,9E,1,0.0,90.4
2022-07-07 09:55:27.583184,34.10915766666667,-117.71262116666666,"[0.9999619230641713, -0.008726535498373935]",[-9.37541179  3.70650279],9.375411785329527,-3.7065027910796484,9E,1,0.0,90.5
2022-07-07 09:56:00.066042,34.10915766666667,-117.71262116666666,"[0.999925369660452, -0.012217000835247219]",[-9.37541179  3.70650279],9.375411785329527,-3.7065027910796484,9E,1,0.0,90.7
2022-07-07 09:56:00.584071,34.109158,-117.71260833333334,"[0.9980267284282716, -0.06279051952931328]",[-10.55692849   3.66943776],10.556928491879919,-3.669437763260804,9E,1,0.0,93.6
2022-07-07 09:56:01.083100,34.109158,-117.71260833333334,"[0.9981347984218669, -0.06104853953485687]",[-10.55692849   3.66943776],10.556928491879919,-3.669437763260804,A1,1,0.0,93.5
2022-07-07 09:56:01.583129,34.109158,-117.71260816666667,"[0.997915618272179, -0.06453230825295803]",[-10.57227286   3.66943776],10.572272864357608,-3.669437763260804,A1,1,0.0,93.7
2022-07-07 09:56:02.083157,34.109158,-117.71260816666667,"[0.9976842788356053, -0.06801529066524827]",[-10.57227286   3.66943776],10.572272864357608,-3.669437763260804,A1,1,0.0,93.9
2022-07-07 09:56:02.583186,34.109158,-117.71260733333334,"[0.997915618272179, -0.06453230825295803]",[-10.64899473   3.66943776],10.648994729088628,-3.669437763260804,A1,1,0.0,93.7
2022-07-07 09:56:03.083214,34.109158,-117.71260733333334,"[0.99780146829205, -0.0662739004000001]",[-10.64899473   3.66943776],10.648994729088628,-3.669437763260804,A1,1,0.0,93.8
2022-07-07 09:56:03.582243,34.109158,-117.712607,"[0.997440782930944, -0.07149744433268583]",[-10.67968347   3.66943776],10.679683474044007,-3.669437763260804,A1,1,0.0,94.1
2022-07-07 09:56:04.082272,34.109158,-117.712607,"[0.9976842788356053, -0.06801529066524827]",[-10.67968347   3.66943776],10.679683474044007,-3.669437763260804,A1,1,0.0,93.9
2022-07-07 09:56:04.582300,34.109157833333335,-117.71260683333334,"[0.9976842788356053, -0.06801529066524827]",[-10.69502785   3.68797028],10.695027846521697,-3.6879702768165643,A1,1,0.0,93.9
2022-07-07 09:56:05.082329,34.109157833333335,-117.71260683333334,"[0.9976842788356053, -0.06801529066524827]",[-10.69502785   3.68797028],10.695027846521697,-3.6879702768165643,A1,1,0.0,93.9
2022-07-07 09:56:05.582357,34.109158,-117.71260633333333,"[0.9976842788356053, -0.06801529066524827]",[-10.74106097   3.66943776],10.741060966297338,-3.669437763260804,A1,1,0.0,93.9
2022-07-07 09:56:06.082386,34.109158,-117.71260633333333,"[0.9975640502598242, -0.0697564737441253]",[-10.74106097   3.66943776],10.741060966297338,-3.669437763260804,A2,1,0.0,94.0
2022-07-07 09:56:06.582415,34.109157833333335,-117.71260583333333,"[0.997440782930944, -0.07149744433268583]",[-10.78709408   3.68797028],10.787094083730407,-3.6879702768165643,A2,1,0.0,94.1
2022-07-07 09:56:07.082443,34.109157833333335,-117.71260583333333,"[0.997440782930944, -0.07149744433268583]",[-10.78709408   3.68797028],10.787094083730407,-3.6879702768165643,A2,1,0.0,94.1
2022-07-07 09:56:07.582472,34.109158,-117.71260516666666,"[0.997440782930944, -0.07149744433268583]",[-10.84847158   3.66943776],10.848471575983737,-3.669437763260804,A2,1,0.0,94.1
2022-07-07 09:56:08.082500,34.109158,-117.71260516666666,"[0.9975640502598242, -0.0697564737441253]",[-10.84847158   3.66943776],10.848471575983737,-3.669437763260804,A2,1,0.0,94.0
2022-07-07 09:56:08.581529,34.109157833333335,-117.7126045,"[0.9971851335251157, -0.07497872682632765]",[-10.90984907   3.68797028],10.909849065894495,-3.6879702768165643,A2,1,0.0,94.3
2022-07-07 09:56:09.082558,34.109157833333335,-117.7126045,"[0.9973144772244581, -0.07323819712763173]",[-10.90984907   3.68797028],10.909849065894495,-3.6879702768165643,A2,1,0.0,94.2
2022-07-07 09:56:09.583586,34.109157833333335,-117.71260383333333,"[0.9971851335251157, -0.07497872682632765]",[-10.97122656   3.68797028],10.971226558147826,-3.6879702768165643,A2,1,0.0,94.3
2022-07-07 09:56:10.082615,34.109157833333335,-117.71260383333333,"[0.9971851335251157, -0.07497872682632765]",[-10.97122656   3.68797028],10.971226558147826,-3.6879702768165643,A2,1,0.0,94.3
2022-07-07 09:56:10.582643,34.109157833333335,-117.712603,"[0.9971851335251157, -0.07497872682632765]",[-11.04794842   3.68797028],11.047948422878846,-3.6879702768165643,A2,1,0.0,94.3
2022-07-07 09:56:11.082672,34.109157833333335,-117.712603,"[0.9970527522269202, -0.07671902812681873]",[-11.04794842   3.68797028],11.047948422878846,-3.6879702768165643,A2,1,0.0,94.4
2022-07-07 09:56:11.582701,34.109157333333336,-117.7126025,"[0.9970527522269202, -0.07671902812681873]",[-11.09398154   3.74356782],11.093981540311914,-3.7435678188984927,A2,1,0.0,94.4
2022-07-07 09:56:12.082729,34.109157333333336,-117.7126025,"[0.996917333733128, -0.07845909572784494]",[-11.09398154   3.74356782],11.093981540311914,-3.7435678188984927,A3,1,0.0,94.5
2022-07-07 09:56:12.582758,34.109157333333336,-117.712602,"[0.996917333733128, -0.07845909572784494]",[-11.14001466   3.74356782],11.140014657744983,-3.7435678188984927,A3,1,0.0,94.5
2022-07-07 09:56:13.082786,34.109157333333336,-117.712602,"[0.9971851335251157, -0.07497872682632765]",[-11.14001466   3.74356782],11.140014657744983,-3.7435678188984927,A3,1,0.0,94.3
2022-07-07 09:56:13.582815,34.109157333333336,-117.71260166666667,"[0.9971851335251157, -0.07497872682632765]",[-11.17070341   3.74356782],11.170703405042936,-3.7435678188984927,A3,1,0.0,94.3
2022-07-07 09:56:14.082844,34.109157333333336,-117.71260166666667,"[0.9970527522269202, -0.07671902812681873]",[-11.17070341   3.74356782],11.170703405042936,-3.7435678188984927,A3,1,0.0,94.4
2022-07-07 09:56:14.582872,34.109157333333336,-117.712601,"[0.9967788784562471, -0.08019892432885882]",[-11.23208089   3.74356782],11.232080894953693,-3.7435678188984927,A3,1,0.19440000000000002,94.6
2022-07-07 09:56:15.082901,34.109157333333336,-117.712601,"[0.9971851335251157, -0.07497872682632765]",[-11.23208089   3.74356782],11.232080894953693,-3.7435678188984927,A3,1,0.0,94.3
2022-07-07 09:56:15.582929,34.109157333333336,-117.71260033333333,"[0.996917333733128, -0.07845909572784494]",[-11.29345839   3.74356782],11.293458387207023,-3.7435678188984927,A3,1,0.0,94.5
2022-07-07 09:56:16.082958,34.109157333333336,-117.71260033333333,"[0.9967788784562471, -0.08019892432885882]",[-11.29345839   3.74356782],11.293458387207023,-3.7435678188984927,A3,1,0.0,94.6
2022-07-07 09:56:16.582987,34.1091575,-117.7126,"[0.9967788784562471, -0.08019892432885882]",[-11.32414713   3.7250353 ],11.324147132162402,-3.7250353046354086,A3,1,0.0,94.6
2022-07-07 09:56:17.083015,34.1091575,-117.7126,"[0.9966373868180366, -0.08193850863004097]",[-11.32414713   3.7250353 ],11.324147132162402,-3.7250353046354086,A3,1,0.0,94.7
2022-07-07 09:56:17.583044,34.1091575,-117.71259983333333,"[0.996917333733128, -0.07845909572784494]",[-11.33949151   3.7250353 ],11.339491506982665,-3.7250353046354086,A3,1,0.0,94.5
2022-07-07 09:56:18.083072,34.1091575,-117.71259983333333,"[0.9966373868180366, -0.08193850863004097]",[-11.33949151   3.7250353 ],11.339491506982665,-3.7250353046354086,A3,1,0.0,94.7
2022-07-07 09:56:18.583101,34.1091575,-117.71259983333333,"[0.9966373868180366, -0.08193850863004097]",[-11.33949151   3.7250353 ],11.339491506982665,-3.7250353046354086,A3,1,0.0,94.7
2022-07-07 09:56:19.083130,34.1091575,-117.71259983333333,"[0.9966373868180366, -0.08193850863004097]",[-11.33949151   3.7250353 ],11.339491506982665,-3.7250353046354086,A3,1,0.0,94.7
2022-07-07 09:56:19.583158,34.1091575,-117.7125995,"[0.9966373868180366, -0.08193850863004097]",[-11.37018025   3.7250353 ],11.370180251938043,-3.7250353046354086,A3,1,0.0,94.7
2022-07-07 09:56:20.083187,34.1091575,-117.7125995,"[0.996917333733128, -0.07845909572784494]",[-11.37018025   3.7250353 ],11.370180251938043,-3.7250353046354086,A3,1,0.0,94.5
2022-07-07 09:56:20.583215,34.1091575,-117.71259916666666,"[0.996917333733128, -0.07845909572784494]",[-11.400869    3.7250353],11.400868996893422,-3.7250353046354086,A3,1,0.0,94.5
2022-07-07 09:56:21.082244,34.1091575,-117.71259916666666,"[0.9964928592495044, -0.08367784333231544]",[-11.400869    3.7250353],11.400868996893422,-3.7250353046354086,A3,1,0.0,94.8
2022-07-07 09:56:21.582273,34.109157333333336,-117.712599,"[0.996917333733128, -0.07845909572784494]",[-11.41621337   3.74356782],11.416213369371112,-3.7435678188984927,A3,1,0.0,94.5
2022-07-07 09:56:22.082301,34.109157333333336,-117.712599,"[0.996917333733128, -0.07845909572784494]",[-11.41621337   3.74356782],11.416213369371112,-3.7435678188984927,A4,1,0.0,94.5
2022-07-07 09:56:22.582330,34.109157333333336,-117.71259883333333,"[0.9963452961909064, -0.08541692313736757]",[-11.43155774   3.74356782],11.4315577418488,-3.7435678188984927,A4,1,0.0,94.9
2022-07-07 09:56:23.082358,34.109157333333336,-117.71259883333333,"[0.9966373868180366, -0.08193850863004097]",[-11.43155774   3.74356782],11.4315577418488,-3.7435678188984927,A4,1,0.0,94.7
2022-07-07 09:56:23.582387,34.109157333333336,-117.71259866666666,"[0.9966373868180366, -0.08193850863004097]",[-11.44690211   3.74356782],11.446902114326491,-3.7435678188984927,A4,1,0.0,94.7
2022-07-07 09:56:24.082416,34.109157333333336,-117.71259866666666,"[0.9963452961909064, -0.08541692313736757]",[-11.44690211   3.74356782],11.446902114326491,-3.7435678188984927,A4,1,0.0,94.9
2022-07-07 09:56:24.583444,34.109157333333336,-117.7125985,"[0.9963452961909064, -0.08541692313736757]",[-11.46224649   3.74356782],11.462246489146754,-3.7435678188984927,A4,1,0.0,94.9
2022-07-07 09:56:25.082473,34.109157333333336,-117.7125985,"[0.9964928592495044, -0.08367784333231544]",[-11.46224649   3.74356782],11.462246489146754,-3.7435678188984927,A4,1,0.0,94.8
2022-07-07 09:56:25.582501,34.1091575,-117.712598,"[0.9966373868180366, -0.08193850863004097]",[-11.50827961   3.7250353 ],11.508279606579821,-3.7250353046354086,A4,1,0.0,94.7
2022-07-07 09:56:26.082530,34.1091575,-117.712598,"[0.9964928592495044, -0.08367784333231544]",[-11.50827961   3.7250353 ],11.508279606579821,-3.7250353046354086,A4,1,0.0,94.8
2022-07-07 09:56:26.582559,34.1091575,-117.7125975,"[0.9963452961909064, -0.08541692313736757]",[-11.55431272   3.7250353 ],11.55431272401289,-3.7250353046354086,A4,1,0.0,94.9
2022-07-07 09:56:27.083587,34.1091575,-117.7125975,"[0.9967788784562471, -0.08019892432885882]",[-11.55431272   3.7250353 ],11.55431272401289,-3.7250353046354086,A4,1,0.0,94.6
2022-07-07 09:56:27.582616,34.10915766666667,-117.71259683333334,"[0.9967788784562471, -0.08019892432885882]",[-11.61569022   3.70650279],11.615690216266222,-3.7065027910796484,A4,1,0.0,94.6
2022-07-07 09:56:28.082644,34.10915766666667,-117.71259683333334,"[0.9966373868180366, -0.08193850863004097]",[-11.61569022   3.70650279],11.615690216266222,-3.7065027910796484,A4,1,0.0,94.7
2022-07-07 09:56:28.582673,34.1091575,-117.71259683333334,"[0.9967788784562471, -0.08019892432885882]",[-11.61569022   3.7250353 ],11.615690216266222,-3.7250353046354086,A4,1,0.0,94.6
2022-07-07 09:56:29.082702,34.1091575,-117.71259683333334,"[0.9964928592495044, -0.08367784333231544]",[-11.61569022   3.7250353 ],11.615690216266222,-3.7250353046354086,A4,1,0.0,94.8
2022-07-07 09:56:29.582730,34.109157333333336,-117.71259683333334,"[0.9964928592495044, -0.08367784333231544]",[-11.61569022   3.74356782],11.615690216266222,-3.7435678188984927,A4,1,0.0,94.8
2022-07-07 09:56:30.083759,34.109157333333336,-117.71259683333334,"[0.9963452961909064, -0.08541692313736757]",[-11.61569022   3.74356782],11.615690216266222,-3.7435678188984927,A4,1,0.0,94.9
2022-07-07 09:56:30.582787,34.1091575,-117.7125965,"[0.996917333733128, -0.07845909572784494]",[-11.64637896   3.7250353 ],11.6463789612216,-3.7250353046354086,A4,1,0.0,94.5
2022-07-07 09:56:31.082816,34.1091575,-117.7125965,"[0.9966373868180366, -0.08193850863004097]",[-11.64637896   3.7250353 ],11.6463789612216,-3.7250353046354086,A4,1,0.0,94.7
2022-07-07 09:56:31.582845,34.10915766666667,-117.7125965,"[0.9964928592495044, -0.08367784333231544]",[-11.64637896   3.70650279],11.6463789612216,-3.7065027910796484,A4,1,0.0,94.8
2022-07-07 09:56:32.082873,34.10915766666667,-117.7125965,"[0.9963452961909064, -0.08541692313736757]",[-11.64637896   3.70650279],11.6463789612216,-3.7065027910796484,A4,1,0.0,94.9
2022-07-07 09:56:32.582902,34.109157833333335,-117.71259633333334,"[0.9966373868180366, -0.08193850863004097]",[-11.66172333   3.68797028],11.661723333699289,-3.6879702768165643,A4,1,0.0,94.7
2022-07-07 09:56:33.082930,34.109157833333335,-117.71259633333334,"[0.9964928592495044, -0.08367784333231544]",[-11.66172333   3.68797028],11.661723333699289,-3.6879702768165643,A4,1,0.0,94.8
2022-07-07 09:56:33.582959,34.10915816666667,-117.712596,"[0.9966373868180366, -0.08193850863004097]",[-11.69241208   3.65090525],11.692412078654668,-3.65090524899772,A4,1,0.0,94.7
2022-07-07 09:56:34.082988,34.10915816666667,-117.712596,"[0.9963452961909064, -0.08541692313736757]",[-11.69241208   3.65090525],11.692412078654668,-3.65090524899772,A4,1,0.0,94.9
2022-07-07 09:56:34.583016,34.10915833333333,-117.71259583333334,"[0.9964928592495044, -0.08367784333231544]",[-11.70775645   3.63237274],11.70775645347493,-3.63237273544196,A4,1,0.0,94.8
2022-07-07 09:56:35.083045,34.10915833333333,-117.71259583333334,"[0.9966373868180366, -0.08193850863004097]",[-11.70775645   3.63237274],11.70775645347493,-3.63237273544196,A4,1,0.0,94.7
2022-07-07 09:56:35.583073,34.1091585,-117.7125955,"[0.9966373868180366, -0.08193850863004097]",[-11.7384452    3.61384022],11.738445198430309,-3.613840221178876,A4,1,0.0,94.7
2022-07-07 09:56:36.083102,34.1091585,-117.7125955,"[0.9963452961909064, -0.08541692313736757]",[-11.7384452    3.61384022],11.738445198430309,-3.613840221178876,A4,1,0.0,94.9
2022-07-07 09:56:36.583131,34.10915833333333,-117.71259516666667,"[0.9963452961909064, -0.08541692313736757]",[-11.76913394   3.63237274],11.769133943385688,-3.63237273544196,A4,1,0.0,94.9
2022-07-07 09:56:37.083159,34.10915833333333,-117.71259516666667,"[0.9966373868180366, -0.08193850863004097]",[-11.76913394   3.63237274],11.769133943385688,-3.63237273544196,A4,1,0.0,94.7
2022-07-07 09:56:37.583188,34.10915833333333,-117.712595,"[0.9964928592495044, -0.08367784333231544]",[-11.78447832   3.63237274],11.78447831820595,-3.63237273544196,A4,1,0.0,94.8
2022-07-07 09:56:38.084216,34.10915833333333,-117.712595,"[0.9964928592495044, -0.08367784333231544]",[-11.78447832   3.63237274],11.78447831820595,-3.63237273544196,A4,1,0.0,94.8
2022-07-07 09:56:38.582245,34.10915833333333,-117.71259483333333,"[0.9964928592495044, -0.08367784333231544]",[-11.79982269   3.63237274],11.79982269068364,-3.63237273544196,A4,1,0.0,94.8
2022-07-07 09:56:39.082273,34.10915833333333,-117.71259483333333,"[0.9964928592495044, -0.08367784333231544]",[-11.79982269   3.63237274],11.79982269068364,-3.63237273544196,A5,1,0.0,94.8
