datetime,Latitude,Longitude,Cartesian X,Cartesian Y,Thrust Control,Yaw Control,Vehicle Speed (Kn),C True Heading
2022-07-03 11:30:35.323053,,,0,0,0,0,,
2022-07-03 11:30:36.352655,,,0,0,0,0,,
2022-07-03 11:30:37.491457,34.10610916666667,-117.71196833333333,0,0,0,0,0.0,51.0
2022-07-03 11:30:38.599059,34.106109333333336,-117.7119695,5.570204584568374,-9.52571217207737,80,FF,0.0,51.0
2022-07-03 11:30:39.706661,34.106109,-117.71196933333333,5.585549500450172,-9.562777200603538,80,FF,0.0,51.0
2022-07-03 11:30:40.814263,34.1061085,-117.71196816666667,5.692963913965419,-9.618374742685466,80,FF,0.0,51.0
2022-07-03 11:30:41.921865,34.1061085,-117.71196833333333,5.67761899808362,-9.618374742685466,80,FF,0.0,52.5
2022-07-03 11:30:42.998266,34.10610883333333,-117.7119685,5.662274082201821,-9.581309714866622,80,FF,0.0,38.0
2022-07-03 11:30:44.121468,34.1061085,-117.71196716666667,5.785033411598866,-9.618374742685466,80,1,0.0,34.3
2022-07-03 11:30:45.229070,34.10610916666667,-117.7119625,6.214691065659854,-9.544244686340454,80,1,0.0,34.6
2022-07-03 11:30:46.305472,34.1061095,-117.71195333333333,7.058661457900029,-9.50717965852161,80,1,0.0,35.6
2022-07-03 11:30:47.444274,34.106109333333336,-117.71194933333334,7.426939446091165,-9.52571217207737,80,1,0.0,32.0
2022-07-03 11:30:48.551876,34.10610833333333,-117.7119445,7.87194201603395,-9.636907256241226,80,1,0.0,31.8
2022-07-03 11:30:49.659478,34.106108166666665,-117.71193983333333,8.301599670094937,-9.65543977050431,80,1,0.0,32.2
2022-07-03 11:30:50.767080,34.10610833333333,-117.71193616666666,8.639187826522477,-9.636907256241226,80,1,0.0,32.0
2022-07-03 11:30:51.874682,34.1061085,-117.71193416666667,8.823326821789372,-9.618374742685466,80,1,0.0,31.9
2022-07-03 11:30:52.982284,34.1061085,-117.7119325,8.976775982950015,-9.618374742685466,80,1,0.0,32.0
2022-07-03 11:30:54.089886,34.106109333333336,-117.7119295,9.252984475850358,-9.52571217207737,80,1,0.0,32.0
2022-07-03 11:30:55.197488,34.106109,-117.7119295,9.252984475850358,-9.562777200603538,80,1,0.0,32.0
2022-07-03 11:30:56.305090,34.10610916666667,-117.71192833333333,9.360398889365607,-9.544244686340454,80,1,0.0,32.0
2022-07-03 11:30:57.412692,34.1061095,-117.71192683333334,9.49850313464445,-9.50717965852161,80,1,0.0,32.0
2022-07-03 11:30:58.520294,34.106108666666664,-117.71192183333334,9.958850620469034,-9.599842228422382,80,1,0.0,31.9
2022-07-03 11:30:59.627896,34.10610783333333,-117.7119205,10.08160994986608,-9.692504798323155,80,1,0.0,31.9
2022-07-03 11:31:00.735498,34.106107,-117.71191966666666,10.158334531617728,-9.785167367516605,80,1,0.0,31.8
2022-07-03 11:31:01.796300,34.106107,-117.71191966666666,10.158334531617728,-9.785167367516605,80,1,0.0,31.9
2022-07-03 11:31:02.950702,34.1061045,-117.71191916666666,10.204369279263124,-10.063155077218923,80,1,0.0,31.8
2022-07-03 11:31:04.058303,34.10610333333333,-117.711919,10.21971419748758,-10.19288267493854,80,1,0.0,31.9
2022-07-03 11:31:05.119105,34.10610233333333,-117.71191766666666,10.342473526884625,-10.304077758395074,80,1,0.0,31.8
2022-07-03 11:31:06.257907,34.106101333333335,-117.711917,10.40385319041182,-10.415272841851607,80,1,0.0,31.8
2022-07-03 11:31:07.365509,34.10610116666667,-117.71191566666667,10.526612519808864,-10.433805356114691,80,1,0.0,31.7
2022-07-03 11:31:08.457511,34.1061,-117.71191166666667,10.894890510342657,-10.563532953834308,80,1,0.0,31.8
2022-07-03 11:31:09.580713,34.10609983333333,-117.71191133333333,10.925580342106255,-10.582065468097392,80,1,0.0,31.8
2022-07-03 11:31:10.688315,34.1060995,-117.71191033333334,11.017649839739702,-10.619130495916236,80,1,0.0,31.8
2022-07-03 11:31:11.749117,34.1060995,-117.71191033333334,11.017649839739702,-10.619130495916236,80,1,0.0,31.8
2022-07-03 11:31:12.903519,34.106098833333334,-117.7119075,11.278513414415592,-10.693260551553925,80,1,0.0,31.8
2022-07-03 11:31:14.011121,34.1060985,-117.71190766666666,11.263168498533792,-10.730325579372769,80,1,0.0,31.8
2022-07-03 11:31:15.118723,34.106099,-117.71190766666666,11.263168498533792,-10.67472803729084,80,1,0.0,31.9
2022-07-03 11:31:16.226325,34.1060995,-117.71190733333333,11.29385833029739,-10.619130495916236,80,1,0.0,31.8
2022-07-03 11:31:17.333927,34.1061,-117.71190733333333,11.29385833029739,-10.563532953834308,80,1,0.0,31.9
2022-07-03 11:31:18.441529,34.1061005,-117.7119075,11.278513414415592,-10.507935412459704,80,1,0.0,31.9
2022-07-03 11:31:19.549131,34.10610066666667,-117.71190983333334,11.063684587385097,-10.489402897489295,80,1,0.0,31.7
2022-07-03 11:31:20.656733,34.1061005,-117.7119105,11.002304921515247,-10.507935412459704,80,1,0.0,31.7
2022-07-03 11:31:21.733135,34.1061005,-117.71191133333333,10.925580342106255,-10.507935412459704,80,1,0.0,31.7
2022-07-03 11:31:22.856337,34.106101,-117.7119115,10.910235426224455,-10.452337869670451,80,1,0.0,31.8
2022-07-03 11:31:23.963938,34.106101333333335,-117.7119115,10.910235426224455,-10.415272841851607,80,1,0.0,31.7
2022-07-03 11:31:25.040340,34.1061025,-117.71191233333333,10.833510844472807,-10.285545244839314,80,1,0.0,31.7
2022-07-03 11:31:26.179142,34.10610466666667,-117.7119155,10.541957435690662,-10.044622562955839,80,1,0.0,31.9
2022-07-03 11:31:27.286744,34.10610616666666,-117.71191733333333,10.373163358648222,-9.877829938124702,80,1,0.0,31.9
2022-07-03 11:31:28.394346,34.106107333333334,-117.7119195,10.173679447499527,-9.748102339697759,80,1,0.0,31.9
2022-07-03 11:31:29.501948,34.106109,-117.71192166666667,9.974195536350832,-9.562777200603538,80,1,0.0,31.9
2022-07-03 11:31:30.609550,34.10611216666667,-117.7119245,9.713331961674943,-9.21065943526353,80,1,0.0,31.9
2022-07-03 11:31:31.717152,34.106112833333334,-117.71192533333334,9.636607379923293,-9.136529379625841,80,1,0.0,31.9
2022-07-03 11:31:32.824754,34.10611383333333,-117.71192683333334,9.49850313464445,-9.025334296169309,80,1,0.0,31.9
2022-07-03 11:31:33.932356,34.106114166666664,-117.71192783333333,9.406433637011,-8.988269268350464,80,1,0.0,31.8
2022-07-03 11:31:35.039958,34.10611516666667,-117.71192933333333,9.268329391732157,-8.877074184186608,80,1,0.0,31.7
2022-07-03 11:31:36.147560,34.106116166666666,-117.71193,9.206949725862307,-8.765879100730075,80,1,0.0,31.8
2022-07-03 11:31:37.255162,34.106117,-117.71193166666667,9.053500562359007,-8.6732165308293,80,1,0.0,32.0
2022-07-03 11:31:38.362764,34.106118,-117.711932,9.02281073059541,-8.562021446665444,80,1,0.0,23.5
2022-07-03 11:31:39.470366,34.106119666666665,-117.71193183333334,9.03815564647721,-8.376696307571223,80,1,0.0,353.3
2022-07-03 11:31:40.577968,34.10612116666667,-117.71193016666666,9.191604809980507,-8.209903681325438,80,1,0.0,356.8
2022-07-03 11:31:41.685570,34.1061215,-117.711929,9.299019223495755,-8.172838653506592,80,1,0.0,338.3
2022-07-03 11:31:42.793172,34.1061215,-117.71192716666667,9.467813300538195,-8.172838653506592,80,4,0.0,338.2
2022-07-03 11:31:43.900773,34.1061215,-117.7119255,9.621262464041495,-8.172838653506592,80,5,0.0,339.0
2022-07-03 11:31:45.008375,34.106121333333334,-117.71192333333333,9.820746375190188,-8.191371167769677,80,4,0.0,338.7
2022-07-03 11:31:46.115977,34.106121333333334,-117.71192216666667,9.928160788705437,-8.191371167769677,80,5,0.0,338.7
2022-07-03 11:31:47.223579,34.106120833333335,-117.71192183333334,9.958850620469034,-8.246968709144282,80,5,0.0,338.8
2022-07-03 11:31:48.331181,34.10612033333334,-117.71191983333334,10.142989613393272,-8.30256625122621,80,5,0.0,338.8
2022-07-03 11:31:49.438783,34.106119666666665,-117.711918,10.311783692778372,-8.376696307571223,80,5,0.0,338.7
2022-07-03 11:31:50.546385,34.10611983333333,-117.71191633333333,10.46523285628167,-8.358163794015462,80,5,0.0,338.9
2022-07-03 11:31:51.653987,34.10612033333334,-117.71191566666667,10.526612519808864,-8.30256625122621,80,5,0.0,338.9
2022-07-03 11:31:52.761589,34.106121,-117.7119145,10.63402693332411,-8.228436195588522,80,6,0.0,338.7
2022-07-03 11:31:53.869191,34.106121333333334,-117.71191383333333,10.695406599193962,-8.191371167769677,80,7,0.0,338.7
2022-07-03 11:31:54.961193,34.10612166666667,-117.7119145,10.63402693332411,-8.154306139950833,80,7,0.0,338.8
2022-07-03 11:31:55.990795,34.10612166666667,-117.7119145,10.63402693332411,-8.154306139950833,80,7,0.0,338.8
2022-07-03 11:31:57.129597,34.106122166666665,-117.71191566666667,10.526612519808864,-8.098708597868903,80,7,0.0,338.8
2022-07-03 11:31:58.221599,34.10612283333333,-117.71191566666667,10.526612519808864,-8.024578542231215,80,7,0.0,338.7
2022-07-03 11:31:59.282400,34.1061235,-117.71191483333334,10.603337101560513,-7.950448485886202,80,8,0.0,338.7
2022-07-03 11:32:00.405602,34.106123333333336,-117.711915,10.587992185678715,-7.968981000149286,80,8,0.0,338.8
2022-07-03 11:32:01.497604,34.1061235,-117.71191716666667,10.38850827453002,-7.950448485886202,80,8,0.0,338.7
2022-07-03 11:32:02.542806,34.1061235,-117.71191716666667,10.38850827453002,-7.950448485886202,80,8,0.0,338.7
2022-07-03 11:32:03.681608,34.10612233333333,-117.71191633333333,10.46523285628167,-8.080176084313143,80,8,0.0,338.9
2022-07-03 11:32:04.773610,34.10612233333333,-117.71191666666667,10.434543022175417,-8.080176084313143,80,7,0.0,339.4
2022-07-03 11:32:05.865612,34.106123833333335,-117.71191483333334,10.603337101560513,-7.913383458067358,80,6,0.0,274.7
2022-07-03 11:32:06.957614,34.1061245,-117.71191283333333,10.78747609682741,-7.839253402429669,80,5C,0.0,264.2
2022-07-03 11:32:08.049616,34.106123833333335,-117.711911,10.956270173869852,-7.913383458067358,80,6B,0.0,270.8
2022-07-03 11:32:09.094818,34.106123833333335,-117.711911,10.956270173869852,-7.913383458067358,80,62,0.0,270.5
2022-07-03 11:32:10.233620,34.10612416666667,-117.71191,11.0483396715033,-7.876318430248514,80,62,0.0,270.4
2022-07-03 11:32:11.310022,34.106124333333334,-117.71190966666667,11.079029503266895,-7.8577859166927535,80,63,0.0,270.7
2022-07-03 11:32:12.417624,34.10612366666667,-117.71190883333334,11.155754085018545,-7.931915972330442,80,63,0.0,270.2
2022-07-03 11:32:13.509625,34.1061245,-117.71190683333333,11.339893080285442,-7.839253402429669,80,63,0.0,275.0
2022-07-03 11:32:14.601627,34.1061255,-117.71190833333333,11.201788835006598,-7.728058318973136,80,5E,0.0,293.7
2022-07-03 11:32:15.693629,34.10612616666667,-117.711914,10.680061683312163,-7.653928262628123,80,46,0.0,296.8
2022-07-03 11:32:16.785631,34.106126333333336,-117.7119195,10.173679447499527,-7.635395749072363,80,41,0.0,297.1
2022-07-03 11:32:17.877633,34.10612733333333,-117.7119255,9.621262464041495,-7.5242006656158305,80,3F,0.0,297.1
2022-07-03 11:32:18.969635,34.10612783333333,-117.7119305,9.16091497821691,-7.468603123533901,80,3F,0.0,297.1
2022-07-03 11:32:20.046037,34.106129,-117.7119365,8.60849799475888,-7.338875525814284,80,3E,0.0,297.1
2022-07-03 11:32:21.153639,34.10612966666667,-117.71193833333334,8.43970391537378,-7.264745470176596,80,3D,0.0,297.2
2022-07-03 11:32:22.261241,34.10613033333333,-117.71194083333333,8.20953017246149,-7.1906154145389065,80,3D,0.0,297.0
2022-07-03 11:32:23.368843,34.106130666666665,-117.711943,8.010046261312795,-7.153550386720062,80,3D,0.0,297.1
2022-07-03 11:32:24.476445,34.1061315,-117.7119455,7.779872518400502,-7.06088781681929,80,3D,0.0,297.2
2022-07-03 11:32:25.584047,34.10613133333333,-117.71194916666667,7.4422843619729635,-7.079420331082374,80,3D,0.0,295.5
2022-07-03 11:32:26.691649,34.10613133333333,-117.71194816666667,7.5343538572637545,-7.079420331082374,80,3E,0.0,327.6
2022-07-03 11:32:27.799251,34.106131166666664,-117.71195316666666,7.0740063737818275,-7.097952844638134,80,14,0.0,320.0
2022-07-03 11:32:28.906853,34.10613133333333,-117.71195283333333,7.104696205545424,-7.079420331082374,80,1C,0.0,319.7
2022-07-03 11:32:30.014454,34.10613083333333,-117.71195216666666,7.166075871415276,-7.135017872456978,80,1D,0.0,319.7
2022-07-03 11:32:31.122056,34.10613083333333,-117.71195183333333,7.196765703178873,-7.135017872456978,80,1D,0.0,319.5
2022-07-03 11:32:32.182858,34.10613083333333,-117.71195183333333,7.196765703178873,-7.135017872456978,80,1D,0.0,317.9
2022-07-03 11:32:33.321660,34.1061305,-117.71194983333334,7.380904696103113,-7.172082900275822,80,1F,0.0,352.4
2022-07-03 11:32:34.429262,34.10613033333333,-117.71195,7.365559780221314,-7.1906154145389065,80,1,0.0,355.7
2022-07-03 11:32:35.536864,34.1061305,-117.711948,7.54969877548821,-7.172082900275822,80,1,0.0,355.7
2022-07-03 11:32:36.644466,34.10613016666667,-117.71194766666666,7.580388607251807,-7.209147928094667,80,1,0.0,356.1
2022-07-03 11:32:37.752068,34.10613033333333,-117.71194633333333,7.703147936648853,-7.1906154145389065,80,1,0.0,356.0
2022-07-03 11:32:38.859670,34.10613,-117.71194566666667,7.7645276025187036,-7.227680442357752,80,1,0.0,356.0
2022-07-03 11:32:39.967272,34.106129833333334,-117.71194466666667,7.856597100152151,-7.246212955913512,80,1,0.0,356.1
2022-07-03 11:32:41.074874,34.106129833333334,-117.71194416666667,7.902631847797547,-7.246212955913512,80,1,0.0,343.7
2022-07-03 11:32:42.182476,34.1061295,-117.711945,7.825907266045898,-7.283277983732356,80,1,0.0,332.7
2022-07-03 11:32:43.290078,34.106129,-117.7119465,7.687803020767054,-7.338875525814284,80,D,0.0,331.4
2022-07-03 11:32:44.397680,34.106129,-117.7119475,7.595733525476262,-7.338875525814284,80,E,0.0,331.5
2022-07-03 11:32:45.505282,34.1061285,-117.71194933333334,7.426939446091165,-7.394473067896213,80,D,0.0,332.0
2022-07-03 11:32:46.612884,34.10612833333333,-117.71194933333334,7.426939446091165,-7.413005582159297,80,C,0.0,331.3
2022-07-03 11:32:47.720486,34.10612866666666,-117.711949,7.457629277854762,-7.375940554340453,80,C,0.0,331.2
2022-07-03 11:32:48.828088,34.10612883333334,-117.71194883333334,7.472974193736561,-7.3574080393700445,80,D,0.0,331.2
2022-07-03 11:32:49.935689,34.106129,-117.71194916666667,7.4422843619729635,-7.338875525814284,80,D,0.0,331.2
2022-07-03 11:32:51.043291,34.1061295,-117.71194933333334,7.426939446091165,-7.283277983732356,80,D,0.0,331.1
2022-07-03 11:32:52.150893,34.106129833333334,-117.71194916666667,7.4422843619729635,-7.246212955913512,80,E,0.0,331.3
2022-07-03 11:32:53.258495,34.10613016666667,-117.71194933333334,7.426939446091165,-7.209147928094667,80,E,0.0,331.2
2022-07-03 11:32:54.350497,34.10613,-117.71194983333334,7.380904696103113,-7.227680442357752,80,E,0.0,331.2
2022-07-03 11:32:55.473699,34.10613016666667,-117.71194966666667,7.396249611984912,-7.209147928094667,80,E,0.0,331.2
2022-07-03 11:32:56.581301,34.1061295,-117.7119495,7.41159452786671,-7.283277983732356,80,E,0.0,331.3
2022-07-03 11:32:57.688903,34.10612916666667,-117.71194933333334,7.426939446091165,-7.3203430115512,80,D,0.0,331.3
2022-07-03 11:32:58.796505,34.106129,-117.71194866666667,7.4883191096183594,-7.338875525814284,80,D,0.0,331.3
2022-07-03 11:32:59.888507,34.10612883333334,-117.71194816666667,7.5343538572637545,-7.3574080393700445,80,D,0.0,331.1
2022-07-03 11:33:00.996109,34.1061285,-117.7119475,7.595733525476262,-7.394473067896213,80,D,0.0,331.2
2022-07-03 11:33:02.041311,34.1061285,-117.7119475,7.595733525476262,-7.394473067896213,80,D,0.0,331.2
2022-07-03 11:33:03.180113,34.10612866666666,-117.711946,7.733837770755106,-7.375940554340453,80,D,0.0,331.2
2022-07-03 11:33:04.272115,34.1061285,-117.71194533333333,7.795217434282301,-7.394473067896213,80,E,0.0,331.3
2022-07-03 11:33:05.348517,34.10612866666666,-117.71194516666667,7.8105623501640995,-7.375940554340453,80,E,0.0,331.3
2022-07-03 11:33:06.456118,34.1061285,-117.71194516666667,7.8105623501640995,-7.394473067896213,80,E,0.0,331.2
2022-07-03 11:33:07.548120,34.106127666666666,-117.711944,7.917976763679346,-7.487135637796985,80,E,0.0,331.2
2022-07-03 11:33:08.640122,34.106127666666666,-117.71194333333334,7.979356429549196,-7.487135637796985,80,E,0.0,331.2
2022-07-03 11:33:09.732124,34.10612783333333,-117.7119425,8.05608100895819,-7.468603123533901,80,E,0.0,331.2
2022-07-03 11:33:10.824126,34.106128,-117.71194183333333,8.117460674828042,-7.450070609978141,80,E,0.0,331.2
2022-07-03 11:33:11.916128,34.1061285,-117.7119405,8.240220004225087,-7.394473067896213,80,F,0.0,331.1
2022-07-03 11:33:12.945730,34.1061285,-117.7119405,8.240220004225087,-7.394473067896213,80,F,0.0,331.1
2022-07-03 11:33:14.084532,34.10612916666667,-117.71193833333334,8.43970391537378,-7.3203430115512,80,F,0.0,331.2
2022-07-03 11:33:15.176534,34.10612966666667,-117.71193733333334,8.53177341300723,-7.264745470176596,80,10,0.0,331.3
2022-07-03 11:33:16.268536,34.10613016666667,-117.71193466666666,8.77729207180132,-7.209147928094667,80,11,0.0,331.3
2022-07-03 11:33:17.360538,34.106130666666665,-117.711933,8.930741232961962,-7.153550386720062,80,12,0.0,331.2
2022-07-03 11:33:18.452540,34.10613166666667,-117.71193166666667,9.053500562359007,-7.042355302556206,80,13,0.0,331.3
2022-07-03 11:33:19.544541,34.10613166666667,-117.71193183333334,9.03815564647721,-7.042355302556206,80,14,0.0,331.2
2022-07-03 11:33:20.636543,34.106132,-117.71193133333334,9.084190396465262,-7.005290274737361,80,14,0.0,331.1
2022-07-03 11:33:21.712945,34.10613216666667,-117.7119315,9.068845480583462,-6.986757760474276,80,14,0.0,331.3
2022-07-03 11:33:22.820547,34.10613266666667,-117.7119305,9.16091497821691,-6.931160219099672,80,14,0.0,331.3
2022-07-03 11:33:23.912549,34.106133166666666,-117.71192916666666,9.283674307613955,-6.875562677017744,80,15,0.0,331.3
2022-07-03 11:33:25.004551,34.106133666666665,-117.711928,9.391088721129204,-6.819965135643139,80,15,0.0,331.3
2022-07-03 11:33:26.096553,34.1061325,-117.71192816666667,9.375743805247403,-6.949692732655432,80,16,0.0,331.3
2022-07-03 11:33:27.188555,34.10613216666667,-117.71192816666667,9.375743805247403,-6.986757760474276,80,15,0.0,331.2
2022-07-03 11:33:28.280557,34.106132333333335,-117.71192766666667,9.4217785528928,-6.968225246918516,80,15,0.0,331.3
2022-07-03 11:33:29.325759,34.106132333333335,-117.71192766666667,9.4217785528928,-6.968225246918516,80,15,0.0,331.3
2022-07-03 11:33:30.464561,34.106132833333334,-117.711927,9.483158218762652,-6.912627704836588,80,15,0.0,331.2
2022-07-03 11:33:31.556563,34.106133,-117.7119275,9.437123468774598,-6.894095191280828,80,15,0.0,331.3
2022-07-03 11:33:32.586164,34.106133,-117.7119275,9.437123468774598,-6.894095191280828,80,15,0.0,331.3
2022-07-03 11:33:33.724966,34.1061335,-117.711928,9.391088721129204,-6.838497649198899,80,15,0.0,331.1
2022-07-03 11:33:34.754568,34.1061335,-117.711928,9.391088721129204,-6.838497649198899,80,16,0.0,331.1
2022-07-03 11:33:35.893370,34.10613383333333,-117.71192733333334,9.452468384656397,-6.801432621380055,80,16,0.0,331.3
2022-07-03 11:33:36.922972,34.10613383333333,-117.71192733333334,9.452468384656397,-6.801432621380055,80,16,0.0,331.3
2022-07-03 11:33:38.061774,34.106135,-117.71192766666667,9.4217785528928,-6.671705023660437,80,16,0.0,331.2
2022-07-03 11:33:39.138176,34.10613566666667,-117.71192766666667,9.4217785528928,-6.597574968022749,80,17,0.0,331.2
2022-07-03 11:33:40.230178,34.106136,-117.71192766666667,9.4217785528928,-6.560509940203905,80,17,0.0,331.3
2022-07-03 11:33:41.290980,34.106136,-117.71192766666667,9.4217785528928,-6.560509940203905,80,17,0.0,331.1
2022-07-03 11:33:42.414182,34.106137,-117.7119275,9.437123468774598,-6.449314856747372,80,18,0.0,331.3
2022-07-03 11:33:43.443783,34.106137,-117.7119275,9.437123468774598,-6.449314856747372,80,18,0.0,331.3
2022-07-03 11:33:44.582585,34.106139166666665,-117.71192716666667,9.467813300538195,-6.2083921748638975,80,18,0.0,331.1
2022-07-03 11:33:45.658987,34.10613933333333,-117.71192716666667,9.467813300538195,-6.189859661308137,80,1A,0.0,331.2
2022-07-03 11:33:46.766589,34.1061395,-117.71192716666667,9.467813300538195,-6.171327147045053,80,1A,0.0,331.2
2022-07-03 11:33:47.796191,34.1061395,-117.71192716666667,9.467813300538195,-6.171327147045053,80,1A,0.0,331.2
2022-07-03 11:33:48.934993,34.106140333333336,-117.71192633333334,9.544537882289845,-6.078664576436956,80,1A,0.0,331.3
2022-07-03 11:33:50.026995,34.10614116666667,-117.71192533333334,9.636607379923293,-5.986002007243507,80,1B,0.0,331.4
2022-07-03 11:33:51.118997,34.106142,-117.7119235,9.805401459308392,-5.893339438050058,80,1B,0.0,331.1
2022-07-03 11:33:52.148599,34.106142,-117.7119235,9.805401459308392,-5.893339438050058,80,1D,0.0,331.1
2022-07-03 11:33:53.287401,34.10614283333334,-117.71192033333334,10.096954865747877,-5.800676867441961,80,1D,0.0,331.2
2022-07-03 11:33:54.363803,34.106143,-117.71191933333333,10.189024363381325,-5.782144353178877,80,1D,0.0,331.2
2022-07-03 11:33:55.471405,34.10614316666667,-117.71191866666666,10.250404029251177,-5.763611839623117,80,1E,0.0,331.2
2022-07-03 11:33:56.563406,34.10614283333334,-117.7119185,10.265748945132975,-5.800676867441961,80,1E,0.0,331.0
2022-07-03 11:33:57.655408,34.10614283333334,-117.711919,10.21971419748758,-5.800676867441961,80,1E,0.0,331.3
2022-07-03 11:33:58.747410,34.10614283333334,-117.71191916666666,10.204369279263124,-5.800676867441961,80,1E,0.0,331.4
2022-07-03 11:33:59.808212,34.10614283333334,-117.711919,10.21971419748758,-5.800676867441961,80,1D,0.0,331.3
2022-07-03 11:34:00.931414,34.10614316666667,-117.71191866666666,10.250404029251177,-5.763611839623117,80,1E,0.0,331.3
2022-07-03 11:34:02.023416,34.106143,-117.71191833333333,10.281093861014774,-5.782144353178877,80,1E,0.0,331.3
2022-07-03 11:34:03.115418,34.10614316666667,-117.71191766666666,10.342473526884625,-5.763611839623117,80,1E,0.0,331.3
2022-07-03 11:34:04.207420,34.10614366666667,-117.71191733333333,10.373163358648222,-5.7080142975411885,80,1E,0.0,331.3
2022-07-03 11:34:05.299422,34.106144,-117.71191716666667,10.38850827453002,-5.670949269722344,80,1E,0.0,331.4
2022-07-03 11:34:06.391424,34.10614416666667,-117.71191733333333,10.373163358648222,-5.652416756166584,80,1E,0.0,331.3
2022-07-03 11:34:07.483426,34.1061445,-117.711918,10.311783692778372,-5.615351728347739,80,1F,0.0,331.3
2022-07-03 11:34:08.575428,34.1061445,-117.71191933333333,10.189024363381325,-5.615351728347739,80,1F,0.0,331.4
2022-07-03 11:34:09.620629,34.1061445,-117.71191933333333,10.189024363381325,-5.615351728347739,80,1E,0.0,331.3
2022-07-03 11:34:10.743831,34.106144666666665,-117.71192066666667,10.06626503398428,-5.596819214084655,80,1F,0.0,331.3
2022-07-03 11:34:11.835833,34.106144666666665,-117.71192166666667,9.974195536350832,-5.596819214084655,80,1F,0.0,331.3
2022-07-03 11:34:12.896635,34.10614483333333,-117.711923,9.851436206953785,-5.578286700528895,80,1E,0.0,331.3
2022-07-03 11:34:14.019837,34.106145,-117.7119235,9.805401459308392,-5.559754186265811,80,1E,0.0,331.2
2022-07-03 11:34:15.111839,34.10614433333333,-117.7119245,9.713331961674943,-5.633884241903499,80,1F,0.0,331.4
2022-07-03 11:34:16.203841,34.106143833333334,-117.71192583333334,9.590572629935242,-5.689481783985428,80,1E,0.0,331.5
2022-07-03 11:34:17.311443,34.106144,-117.71192683333334,9.49850313464445,-5.670949269722344,80,1D,0.0,331.3
2022-07-03 11:34:18.419045,34.10614433333333,-117.71192833333333,9.360398889365607,-5.633884241903499,80,1D,0.0,332.9
2022-07-03 11:34:19.526647,34.106144666666665,-117.711931,9.11488022822886,-5.596819214084655,80,1B,0.0,335.7
2022-07-03 11:34:20.634249,34.10614666666667,-117.71193183333334,9.03815564647721,-5.374429046464265,80,17,0.0,331.1
2022-07-03 11:34:21.741851,34.1061465,-117.71193283333334,8.946086151186417,-5.392961560727349,80,1F,0.0,329.6
2022-07-03 11:34:22.849453,34.10614616666667,-117.71193383333333,8.85401665355297,-5.430026588546194,80,20,0.0,331.5
2022-07-03 11:34:23.957055,34.106146333333335,-117.7119345,8.792636987683117,-5.411494074283109,80,1E,0.0,324.4
2022-07-03 11:34:25.033456,34.106146,-117.71193516666666,8.731257324155925,-5.448559102101954,80,27,0.0,339.3
2022-07-03 11:34:26.172258,34.1061455,-117.71193566666666,8.685222574167872,-5.504156644891206,80,13,0.0,336.2
2022-07-03 11:34:27.201860,34.1061455,-117.71193566666666,8.685222574167872,-5.504156644891206,80,17,0.0,336.2
2022-07-03 11:34:28.340662,34.10614483333333,-117.71193766666667,8.501083578900975,-5.578286700528895,80,17,0.0,336.1
2022-07-03 11:34:29.385864,34.10614483333333,-117.71193766666667,8.501083578900975,-5.578286700528895,80,16,0.0,336.1
2022-07-03 11:34:30.524666,34.10614483333333,-117.71193916666667,8.362979333622132,-5.578286700528895,80,16,0.0,336.1
2022-07-03 11:34:31.601068,34.1061445,-117.7119405,8.240220004225087,-5.615351728347739,80,16,0.0,336.3
2022-07-03 11:34:32.661870,34.1061445,-117.7119405,8.240220004225087,-5.615351728347739,80,15,0.0,336.3
2022-07-03 11:34:33.816272,34.1061445,-117.71194033333333,8.255564920106885,-5.615351728347739,80,15,0.0,336.3
2022-07-03 11:34:34.923874,34.106143833333334,-117.71194016666666,8.27090983833134,-5.689481783985428,80,15,0.0,336.3
2022-07-03 11:34:36.031476,34.106143333333335,-117.71193933333333,8.347634417740332,-5.745079325360033,80,14,0.0,336.3
2022-07-03 11:34:37.061078,34.106143333333335,-117.71193933333333,8.347634417740332,-5.745079325360033,80,14,0.0,336.3
2022-07-03 11:34:38.199880,34.106143,-117.711939,8.37832424950393,-5.782144353178877,80,14,0.0,336.3
2022-07-03 11:34:39.291882,34.1061435,-117.7119395,8.332289501858535,-5.726546811804273,80,14,0.0,336.3
2022-07-03 11:34:40.383883,34.106143,-117.71193933333333,8.347634417740332,-5.782144353178877,80,14,0.0,336.3
2022-07-03 11:34:41.475885,34.10614266666666,-117.71193983333333,8.301599670094937,-5.819209382412369,80,14,0.0,336.3
2022-07-03 11:34:42.536687,34.10614283333334,-117.7119405,8.240220004225087,-5.800676867441961,80,13,0.0,336.3
2022-07-03 11:34:43.659889,34.10614283333334,-117.71194033333333,8.255564920106885,-5.800676867441961,80,13,0.0,336.4
2022-07-03 11:34:44.705091,34.10614283333334,-117.71194033333333,8.255564920106885,-5.800676867441961,80,13,0.0,336.3
2022-07-03 11:34:45.843893,34.10614283333334,-117.71194066666666,8.224875088343287,-5.800676867441961,80,14,0.0,336.2
2022-07-03 11:34:46.951495,34.106143,-117.71194033333333,8.255564920106885,-5.782144353178877,80,14,0.0,336.1
2022-07-03 11:34:48.059097,34.1061435,-117.71194083333333,8.20953017246149,-5.726546811804273,80,14,0.0,334.3
2022-07-03 11:34:49.104299,34.1061435,-117.71194083333333,8.20953017246149,-5.726546811804273,80,17,0.0,335.3
2022-07-03 11:34:50.243101,34.106143,-117.71194116666666,8.178840340697892,-5.782144353178877,80,15,0.0,335.4
2022-07-03 11:34:51.335103,34.10614233333333,-117.71194116666666,8.178840340697892,-5.856274410231213,80,15,0.0,335.6
2022-07-03 11:34:52.380305,34.10614233333333,-117.71194116666666,8.178840340697892,-5.856274410231213,80,14,0.0,335.7
2022-07-03 11:34:53.519107,34.1061405,-117.7119415,8.148150508934295,-6.060132062881196,80,14,0.0,335.3
2022-07-03 11:34:54.548708,34.1061405,-117.7119415,8.148150508934295,-6.060132062881196,80,13,0.0,335.3
2022-07-03 11:34:55.703110,34.1061405,-117.71193983333333,8.301599670094937,-6.060132062881196,80,13,0.0,336.1
2022-07-03 11:34:56.732712,34.1061405,-117.71193983333333,8.301599670094937,-6.060132062881196,80,12,0.0,336.1
2022-07-03 11:34:57.871514,34.10613883333333,-117.7119395,8.332289501858535,-6.245457202682742,80,12,0.0,335.5
2022-07-03 11:34:58.901116,34.10613883333333,-117.7119395,8.332289501858535,-6.245457202682742,80,12,0.0,335.5
2022-07-03 11:35:00.039918,34.106138,-117.7119385,8.424358999491982,-6.338119772583514,80,12,0.0,335.7
2022-07-03 11:35:01.069520,34.106138,-117.7119385,8.424358999491982,-6.338119772583514,80,11,0.0,335.7
2022-07-03 11:35:02.223922,34.10613683333333,-117.71193716666667,8.547118328889027,-6.467847370303132,80,11,0.0,336.2
2022-07-03 11:35:03.331524,34.10613633333333,-117.71193583333333,8.669877658286074,-6.52344491238506,80,10,0.0,335.7
2022-07-03 11:35:04.439126,34.10613566666667,-117.71193483333333,8.761947155919522,-6.597574968022749,80,10,0.0,335.5
2022-07-03 11:35:05.546728,34.10613433333333,-117.7119345,8.792636987683117,-6.745835080005451,80,10,0.0,335.6
2022-07-03 11:35:06.576329,34.10613433333333,-117.7119345,8.792636987683117,-6.745835080005451,80,F,0.0,335.6
2022-07-03 11:35:07.715131,34.106133166666666,-117.71193666666667,8.593153076534424,-6.875562677017744,80,F,0.0,335.6
2022-07-03 11:35:08.791533,34.106132833333334,-117.71193716666667,8.547118328889027,-6.912627704836588,80,E,0.0,335.7
2022-07-03 11:35:09.899135,34.106132,-117.71193716666667,8.547118328889027,-7.005290274737361,80,D,0.0,335.6
2022-07-03 11:35:10.991137,34.106131166666664,-117.71193666666667,8.593153076534424,-7.097952844638134,80,D,0.0,335.7
2022-07-03 11:35:12.020739,34.106131166666664,-117.71193666666667,8.593153076534424,-7.097952844638134,80,C,0.0,335.7
2022-07-03 11:35:13.159541,34.106129833333334,-117.71193516666666,8.731257324155925,-7.246212955913512,80,C,0.0,335.6
2022-07-03 11:35:14.189143,34.106129833333334,-117.71193516666666,8.731257324155925,-7.246212955913512,80,C,0.0,335.6
2022-07-03 11:35:15.327945,34.106129333333335,-117.711934,8.83867173767117,-7.30181049799544,80,C,0.0,335.7
2022-07-03 11:35:16.373147,34.106129333333335,-117.711934,8.83867173767117,-7.30181049799544,80,C,0.0,335.7
2022-07-03 11:35:17.511949,34.10612916666667,-117.71193416666667,8.823326821789372,-7.3203430115512,80,C,0.0,335.7
2022-07-03 11:35:18.557150,34.10612916666667,-117.71193416666667,8.823326821789372,-7.3203430115512,80,B,0.0,335.6
2022-07-03 11:35:19.695952,34.1061275,-117.71193466666666,8.77729207180132,-7.5056681513527455,80,C,0.0,335.3
2022-07-03 11:35:20.787954,34.10612733333333,-117.71193533333333,8.715912408274125,-7.5242006656158305,80,B,0.0,335.7
2022-07-03 11:35:21.848756,34.10612733333333,-117.71193616666666,8.639187826522477,-7.5242006656158305,80,A,0.0,336.3
2022-07-03 11:35:22.971958,34.1061275,-117.711938,8.470393747137377,-7.5056681513527455,80,9,0.0,335.6
2022-07-03 11:35:24.001560,34.1061275,-117.711938,8.470393747137377,-7.5056681513527455,80,9,0.0,335.6
2022-07-03 11:35:25.140362,34.106126833333335,-117.711941,8.19418525657969,-7.579798206990435,80,9,0.0,335.6
2022-07-03 11:35:26.216764,34.10612666666667,-117.71194133333333,8.163495424816093,-7.598330721253519,80,8,0.0,335.9
2022-07-03 11:35:27.277566,34.106126333333336,-117.71194266666667,8.04073609307639,-7.635395749072363,80,8,0.0,335.8
2022-07-03 11:35:28.400768,34.106126,-117.711944,7.917976763679346,-7.672460776891207,80,7,0.0,335.6
2022-07-03 11:35:29.445970,34.106126,-117.711944,7.917976763679346,-7.672460776891207,80,7,0.0,335.9
2022-07-03 11:35:30.584772,34.10612483333333,-117.71194366666667,7.948666595442943,-7.802188374610825,80,6,0.0,336.0
2022-07-03 11:35:31.676774,34.10612483333333,-117.71194383333334,7.9333216795611445,-7.802188374610825,80,5,0.0,335.6
2022-07-03 11:35:32.706375,34.10612483333333,-117.71194383333334,7.9333216795611445,-7.802188374610825,80,6,0.0,335.6
2022-07-03 11:35:33.845177,34.10612483333333,-117.7119445,7.87194201603395,-7.802188374610825,80,6,0.0,335.8
2022-07-03 11:35:34.874779,34.10612483333333,-117.7119445,7.87194201603395,-7.802188374610825,80,5,0.0,335.8
2022-07-03 11:35:36.013581,34.106125166666665,-117.71194483333333,7.841252184270353,-7.765123346791981,80,5,0.0,335.9
2022-07-03 11:35:37.089983,34.106125166666665,-117.71194583333333,7.749182686636905,-7.765123346791981,80,5,0.0,336.0
2022-07-03 11:35:38.181985,34.106125166666665,-117.71194583333333,7.749182686636905,-7.765123346791981,80,5,0.0,335.6
2022-07-03 11:35:39.258387,34.10612483333333,-117.7119455,7.779872518400502,-7.802188374610825,80,6,0.0,335.5
2022-07-03 11:35:40.365989,34.106125,-117.71194566666667,7.7645276025187036,-7.783655861055065,80,6,0.0,335.6
2022-07-03 11:35:41.457991,34.1061255,-117.71194583333333,7.749182686636905,-7.728058318973136,80,6,0.0,335.7
2022-07-03 11:35:42.549993,34.10612533333333,-117.7119465,7.687803020767054,-7.746590833236221,80,6,0.0,335.7
2022-07-03 11:35:43.641995,34.10612533333333,-117.7119485,7.503664025500158,-7.746590833236221,80,5,0.0,335.5
2022-07-03 11:35:44.733996,34.1061255,-117.71194883333334,7.472974193736561,-7.728058318973136,80,5,0.0,335.9
2022-07-03 11:35:45.810398,34.106125666666664,-117.7119485,7.503664025500158,-7.709525805417376,80,4,0.0,335.8
2022-07-03 11:35:46.902400,34.1061255,-117.71194966666667,7.396249611984912,-7.728058318973136,80,5,0.0,335.8
2022-07-03 11:35:47.994402,34.106126,-117.71195016666667,7.350214864339516,-7.672460776891207,80,4,0.0,334.9
2022-07-03 11:35:49.086404,34.10612616666667,-117.71195083333333,7.288835200812321,-7.653928262628123,80,6,0.0,333.3
2022-07-03 11:35:50.116006,34.10612616666667,-117.71195083333333,7.288835200812321,-7.653928262628123,80,8,0.0,333.3
2022-07-03 11:35:51.254808,34.106127,-117.71195233333333,7.15073095319082,-7.561265693434675,80,8,0.0,332.7
2022-07-03 11:35:52.346810,34.1061275,-117.7119525,7.135386037309021,-7.5056681513527455,80,9,0.0,332.6
2022-07-03 11:35:53.438812,34.106128166666664,-117.71195216666666,7.166075871415276,-7.431538095715057,80,9,0.0,332.6
2022-07-03 11:35:54.484014,34.106128166666664,-117.71195216666666,7.166075871415276,-7.431538095715057,80,A,0.0,332.6
2022-07-03 11:35:55.622816,34.106131,-117.71195333333333,7.058661457900029,-7.116485358901218,80,A,0.0,332.6
2022-07-03 11:35:56.699217,34.10613166666667,-117.71195416666667,6.981936873805723,-7.042355302556206,80,C,0.0,332.8
2022-07-03 11:35:57.822419,34.10613216666667,-117.71195516666667,6.889867378514932,-6.986757760474276,80,C,0.0,332.6
2022-07-03 11:35:58.898821,34.106133166666666,-117.71195516666667,6.889867378514932,-6.875562677017744,80,C,0.0,332.7
2022-07-03 11:35:59.990823,34.10613433333333,-117.71195516666667,6.889867378514932,-6.745835080005451,80,D,0.0,332.6
2022-07-03 11:36:01.082825,34.106135333333334,-117.71195533333334,6.874522462633133,-6.634639995841593,80,E,0.0,332.5
2022-07-03 11:36:02.174827,34.1061365,-117.71195533333334,6.874522462633133,-6.504912398121976,80,F,0.0,332.6
2022-07-03 11:36:03.220029,34.1061365,-117.71195533333334,6.874522462633133,-6.504912398121976,80,F,0.0,332.8
2022-07-03 11:36:04.358831,34.10613766666667,-117.7119555,6.859177544408677,-6.375184800402359,80,F,0.0,332.8
2022-07-03 11:36:05.435233,34.1061385,-117.71195583333333,6.82848771264508,-6.282522230501586,80,10,0.0,332.6
2022-07-03 11:36:06.527235,34.10614,-117.711956,6.813142796763282,-6.1157296042558,80,11,0.0,332.8
2022-07-03 11:36:07.556837,34.10614,-117.711956,6.813142796763282,-6.1157296042558,80,12,0.0,332.8
2022-07-03 11:36:08.695639,34.106140833333335,-117.711957,6.721073299129833,-6.023067035062351,80,12,0.0,332.8
2022-07-03 11:36:09.740840,34.106140833333335,-117.711957,6.721073299129833,-6.023067035062351,80,13,0.0,332.8
2022-07-03 11:36:10.879642,34.1061415,-117.71195733333333,6.690383467366236,-5.948936979424663,80,13,0.0,332.8
2022-07-03 11:36:11.971644,34.10614183333333,-117.71195733333333,6.690383467366236,-5.911871951605818,80,13,0.0,332.7
2022-07-03 11:36:13.063646,34.106141666666666,-117.7119575,6.6750385514844375,-5.930404465868903,80,13,0.0,332.7
2022-07-03 11:36:14.155648,34.106142166666665,-117.71195766666666,6.659693635602639,-5.874806923786974,80,13,0.0,332.8
2022-07-03 11:36:15.247650,34.10614266666666,-117.71195766666666,6.659693635602639,-5.819209382412369,80,14,0.0,332.8
2022-07-03 11:36:16.339652,34.10614283333334,-117.7119575,6.6750385514844375,-5.800676867441961,80,14,0.0,332.9
2022-07-03 11:36:17.431654,34.106143,-117.71195733333333,6.690383467366236,-5.782144353178877,80,14,0.0,332.7
2022-07-03 11:36:18.523656,34.106143833333334,-117.711957,6.721073299129833,-5.689481783985428,80,15,0.0,332.7
2022-07-03 11:36:19.615658,34.10614433333333,-117.711957,6.721073299129833,-5.633884241903499,80,15,0.0,332.9
2022-07-03 11:36:20.707660,34.1061445,-117.711957,6.721073299129833,-5.615351728347739,80,16,0.0,332.8
2022-07-03 11:36:21.799662,34.106145,-117.71195666666667,6.751763133236088,-5.559754186265811,80,16,0.0,333.0
2022-07-03 11:36:22.891663,34.10614566666667,-117.7119565,6.767108049117885,-5.485624129920798,80,16,0.0,333.3
2022-07-03 11:36:23.983665,34.10614616666667,-117.71195633333333,6.782452964999686,-5.430026588546194,80,16,0.0,333.5
2022-07-03 11:36:25.028867,34.10614616666667,-117.71195633333333,6.782452964999686,-5.430026588546194,80,17,0.0,333.3
2022-07-03 11:36:26.167669,34.106146833333334,-117.71195616666667,6.7977978808814825,-5.355896532908504,80,17,0.0,333.3
2022-07-03 11:36:27.212871,34.106146833333334,-117.71195616666667,6.7977978808814825,-5.355896532908504,80,18,0.0,333.5
2022-07-03 11:36:28.351673,34.106147,-117.71195683333333,6.736418215011632,-5.33736401864542,80,17,0.0,333.3
2022-07-03 11:36:29.396875,34.106147,-117.71195683333333,6.736418215011632,-5.33736401864542,80,18,0.0,333.5
2022-07-03 11:36:30.535677,34.10614616666667,-117.71195666666667,6.751763133236088,-5.430026588546194,80,17,0.0,333.4
2022-07-03 11:36:31.565279,34.10614616666667,-117.71195666666667,6.751763133236088,-5.430026588546194,80,17,0.0,333.4
2022-07-03 11:36:32.704081,34.106146,-117.71195683333333,6.736418215011632,-5.448559102101954,80,17,0.0,333.4
2022-07-03 11:36:33.749283,34.106146,-117.71195683333333,6.736418215011632,-5.448559102101954,80,17,0.0,333.5
2022-07-03 11:36:34.872485,34.10614533333333,-117.71195666666667,6.751763133236088,-5.522689158446966,80,16,0.0,333.4
2022-07-03 11:36:35.964486,34.1061455,-117.711956,6.813142796763282,-5.504156644891206,80,16,0.0,333.4
2022-07-03 11:36:36.994088,34.1061455,-117.711956,6.813142796763282,-5.504156644891206,80,16,0.0,333.4
2022-07-03 11:36:38.132890,34.10614483333333,-117.7119555,6.859177544408677,-5.578286700528895,80,16,0.0,333.3
2022-07-03 11:36:39.162492,34.10614483333333,-117.7119555,6.859177544408677,-5.578286700528895,80,16,0.0,333.3
2022-07-03 11:36:40.301294,34.10614416666667,-117.711954,6.9972817920301775,-5.652416756166584,80,16,0.0,333.4
2022-07-03 11:36:41.362096,34.106143833333334,-117.711954,6.9972817920301775,-5.689481783985428,80,16,0.0,333.4
2022-07-03 11:36:42.485298,34.10614266666666,-117.71195416666667,6.981936873805723,-5.819209382412369,80,15,0.0,333.3
2022-07-03 11:36:43.530500,34.10614266666666,-117.71195416666667,6.981936873805723,-5.819209382412369,80,14,0.0,333.3
2022-07-03 11:36:44.669302,34.106140833333335,-117.7119535,7.0433165396755735,-6.023067035062351,80,14,0.0,333.1
2022-07-03 11:36:45.761304,34.1061405,-117.711954,6.9972817920301775,-6.060132062881196,80,13,0.0,333.5
2022-07-03 11:36:46.853306,34.10614,-117.71195416666667,6.981936873805723,-6.1157296042558,80,12,0.0,333.2
2022-07-03 11:36:47.945307,34.106139666666664,-117.71195383333334,7.012626707911976,-6.152794633489293,80,12,0.0,333.3
2022-07-03 11:36:48.990509,34.106139666666664,-117.711953,7.089351289663625,-6.152794633489293,80,12,0.0,333.5
2022-07-03 11:36:50.113711,34.1061395,-117.711952,7.181420787297074,-6.171327147045053,80,12,0.0,333.4
2022-07-03 11:36:51.236913,34.1061395,-117.711951,7.273490282587865,-6.171327147045053,80,12,0.0,333.3
2022-07-03 11:36:52.297715,34.106139166666665,-117.7119495,7.41159452786671,-6.2083921748638975,80,12,0.0,333.5
2022-07-03 11:36:53.405317,34.106139666666664,-117.71194683333333,7.657113189003456,-6.152794633489293,80,12,0.0,333.5
2022-07-03 11:36:54.497319,34.10613883333333,-117.7119455,7.779872518400502,-6.245457202682742,80,13,0.0,333.4
2022-07-03 11:36:55.589321,34.10613816666667,-117.71194466666667,7.856597100152151,-6.31958725832043,80,13,0.0,333.4
2022-07-03 11:36:56.681323,34.10613766666667,-117.71194383333334,7.9333216795611445,-6.375184800402359,80,13,0.0,333.3
2022-07-03 11:36:57.773325,34.106137,-117.71194316666667,7.994701345430995,-6.449314856747372,80,13,0.0,333.5
2022-07-03 11:36:58.865327,34.10613633333333,-117.7119425,8.05608100895819,-6.52344491238506,80,12,0.0,333.5
2022-07-03 11:36:59.957329,34.106136,-117.71194183333333,8.117460674828042,-6.560509940203905,80,12,0.0,333.3
2022-07-03 11:37:01.049331,34.10613566666667,-117.711941,8.19418525657969,-6.597574968022749,80,12,0.0,333.4
2022-07-03 11:37:02.141332,34.1061355,-117.71194066666666,8.224875088343287,-6.616107481578509,80,12,0.0,333.4
2022-07-03 11:37:03.233334,34.106135333333334,-117.71194016666666,8.27090983833134,-6.634639995841593,80,12,0.0,333.5
2022-07-03 11:37:04.309736,34.106135,-117.71193983333333,8.301599670094937,-6.671705023660437,80,11,0.0,333.4
2022-07-03 11:37:05.417338,34.10613466666667,-117.71193983333333,8.301599670094937,-6.7087700514792825,80,11,0.0,333.3
2022-07-03 11:37:06.509340,34.10613383333333,-117.7119405,8.240220004225087,-6.801432621380055,80,11,0.0,333.5
2022-07-03 11:37:07.601342,34.106133666666665,-117.7119405,8.240220004225087,-6.819965135643139,80,10,0.0,333.5
2022-07-03 11:37:08.693344,34.1061335,-117.71194033333333,8.255564920106885,-6.838497649198899,80,10,0.0,333.2
2022-07-03 11:37:09.785346,34.106132833333334,-117.71194016666666,8.27090983833134,-6.912627704836588,80,10,0.0,333.2
2022-07-03 11:37:10.877348,34.106133,-117.71194066666666,8.224875088343287,-6.894095191280828,80,10,0.0,333.4
2022-07-03 11:37:11.969350,34.106132833333334,-117.711941,8.19418525657969,-6.912627704836588,80,10,0.0,333.3
2022-07-03 11:37:13.061352,34.106133166666666,-117.71194183333333,8.117460674828042,-6.875562677017744,80,10,0.0,333.5
2022-07-03 11:37:14.090953,34.106133166666666,-117.71194183333333,8.117460674828042,-6.875562677017744,80,F,0.0,333.5
2022-07-03 11:37:15.229755,34.106133666666665,-117.7119425,8.05608100895819,-6.819965135643139,80,F,0.0,333.4
2022-07-03 11:37:16.274957,34.106133666666665,-117.7119425,8.05608100895819,-6.819965135643139,80,10,0.0,333.4
2022-07-03 11:37:17.413759,34.10613433333333,-117.71194233333334,8.071425924839987,-6.745835080005451,80,10,0.0,333.3
2022-07-03 11:37:18.505761,34.1061355,-117.7119425,8.05608100895819,-6.616107481578509,80,10,0.0,333.4
2022-07-03 11:37:19.550963,34.1061355,-117.7119425,8.05608100895819,-6.616107481578509,80,11,0.0,333.4
2022-07-03 11:37:20.689765,34.10613633333333,-117.71194283333334,8.025391177194592,-6.52344491238506,80,11,0.0,333.4
2022-07-03 11:37:21.781767,34.1061365,-117.71194316666667,7.994701345430995,-6.504912398121976,80,12,0.0,333.4
2022-07-03 11:37:22.873769,34.1061365,-117.71194333333334,7.979356429549196,-6.504912398121976,80,12,0.0,333.3
2022-07-03 11:37:23.965771,34.106136666666664,-117.7119435,7.964011513667398,-6.486379884566216,80,12,0.0,333.3
2022-07-03 11:37:25.057773,34.10613716666667,-117.711944,7.917976763679346,-6.430782341776963,80,12,0.0,333.3
2022-07-03 11:37:26.149775,34.10613766666667,-117.71194433333334,7.887286931915749,-6.375184800402359,80,12,0.0,333.4
2022-07-03 11:37:27.241777,34.106138,-117.7119445,7.87194201603395,-6.338119772583514,80,12,0.0,333.4
2022-07-03 11:37:28.318178,34.106138333333334,-117.711945,7.825907266045898,-6.30105474476467,80,13,0.0,333.4
2022-07-03 11:37:29.425780,34.10613883333333,-117.71194566666667,7.7645276025187036,-6.245457202682742,80,13,0.0,333.4
2022-07-03 11:37:30.517782,34.1061395,-117.71194716666666,7.626423357239859,-6.171327147045053,80,13,0.0,333.4
2022-07-03 11:37:31.562984,34.1061395,-117.71194716666666,7.626423357239859,-6.171327147045053,80,13,0.0,333.4
2022-07-03 11:37:32.701786,34.106141,-117.71194883333334,7.472974193736561,-6.004534520799267,80,13,0.0,333.5
2022-07-03 11:37:33.793788,34.106141,-117.7119495,7.41159452786671,-6.004534520799267,80,14,0.0,333.4
2022-07-03 11:37:34.823390,34.106141,-117.7119495,7.41159452786671,-6.004534520799267,80,14,0.0,333.4
2022-07-03 11:37:35.962192,34.10614116666667,-117.7119515,7.227455534942471,-5.986002007243507,80,14,0.0,333.3
2022-07-03 11:37:37.054194,34.1061415,-117.71195216666666,7.166075871415276,-5.948936979424663,80,14,0.0,333.3
2022-07-03 11:37:38.146196,34.10614183333333,-117.71195266666666,7.120041121427223,-5.911871951605818,80,14,0.0,333.5
2022-07-03 11:37:39.238198,34.106142,-117.71195333333333,7.058661457900029,-5.893339438050058,80,14,0.0,333.7
2022-07-03 11:37:40.330200,34.106142,-117.71195383333334,7.012626707911976,-5.893339438050058,80,13,0.0,333.9
2022-07-03 11:37:41.375401,34.106142,-117.71195383333334,7.012626707911976,-5.893339438050058,80,13,0.0,333.5
2022-07-03 11:37:42.514203,34.10614266666666,-117.71195466666667,6.935902126160327,-5.819209382412369,80,14,0.0,333.7
2022-07-03 11:37:43.606205,34.10614316666667,-117.71195566666667,6.843832628526879,-5.763611839623117,80,14,0.0,333.9
2022-07-03 11:37:44.651407,34.106143333333335,-117.7119565,6.767108049117885,-5.745079325360033,80,14,0.0,333.6
2022-07-03 11:37:45.774609,34.1061435,-117.71195716666666,6.705728383248035,-5.726546811804273,80,14,0.0,333.8
2022-07-03 11:37:46.819811,34.1061435,-117.71195716666666,6.705728383248035,-5.726546811804273,80,14,0.0,333.8
2022-07-03 11:37:47.958613,34.1061445,-117.71195666666667,6.751763133236088,-5.615351728347739,80,14,0.0,333.8
2022-07-03 11:37:49.050615,34.106145,-117.71195666666667,6.751763133236088,-5.559754186265811,80,15,0.0,333.7
2022-07-03 11:37:50.127017,34.10614533333333,-117.71195633333333,6.782452964999686,-5.522689158446966,80,15,0.0,334.1
2022-07-03 11:37:51.234619,34.10614566666667,-117.71195616666667,6.7977978808814825,-5.485624129920798,80,15,0.0,334.2
2022-07-03 11:37:52.326621,34.106146,-117.71195566666667,6.843832628526879,-5.448559102101954,80,15,0.0,334.0
2022-07-03 11:37:53.418622,34.10614616666667,-117.71195516666667,6.889867378514932,-5.430026588546194,80,16,0.0,334.0
2022-07-03 11:37:54.510624,34.106146833333334,-117.71195433333334,6.966591957923924,-5.355896532908504,80,16,0.0,334.0
2022-07-03 11:37:55.571426,34.106146833333334,-117.71195433333334,6.966591957923924,-5.355896532908504,80,17,0.0,334.0
2022-07-03 11:37:56.694628,34.106147,-117.71195483333334,6.920557210278528,-5.33736401864542,80,17,0.0,334.0
2022-07-03 11:37:57.786630,34.106146833333334,-117.71195566666667,6.843832628526879,-5.355896532908504,80,17,0.0,333.7
2022-07-03 11:37:58.878632,34.106147,-117.71195616666667,6.7977978808814825,-5.33736401864542,80,17,0.0,333.9
2022-07-03 11:37:59.970634,34.106147,-117.7119565,6.767108049117885,-5.33736401864542,80,17,0.0,334.3
2022-07-03 11:38:01.015836,34.106147,-117.7119565,6.767108049117885,-5.33736401864542,80,16,0.0,334.8
2022-07-03 11:38:02.154638,34.106146333333335,-117.71195733333333,6.690383467366236,-5.411494074283109,80,16,0.0,334.9
2022-07-03 11:38:03.199840,34.106146333333335,-117.71195733333333,6.690383467366236,-5.411494074283109,80,15,0.0,334.8
2022-07-03 11:38:04.338642,34.1061465,-117.71195766666666,6.659693635602639,-5.392961560727349,80,15,0.0,334.9
2022-07-03 11:38:05.430644,34.10614666666667,-117.71195816666666,6.613658885614587,-5.374429046464265,80,15,0.0,335.2
2022-07-03 11:38:06.460245,34.10614666666667,-117.71195816666666,6.613658885614587,-5.374429046464265,80,15,0.0,335.2
2022-07-03 11:38:07.599047,34.1061465,-117.7119595,6.490899556217542,-5.392961560727349,80,15,0.0,335.4
2022-07-03 11:38:08.644249,34.1061465,-117.7119595,6.490899556217542,-5.392961560727349,80,14,0.0,335.3
2022-07-03 11:38:09.767451,34.106145833333336,-117.71195966666667,6.475554640335743,-5.467091616365038,80,14,0.0,335.4
2022-07-03 11:38:10.812653,34.106145833333336,-117.71195966666667,6.475554640335743,-5.467091616365038,80,13,0.0,335.5
2022-07-03 11:38:11.951455,34.10614483333333,-117.71195866666666,6.567624137969191,-5.578286700528895,80,13,0.0,335.5
2022-07-03 11:38:12.996657,34.10614483333333,-117.71195866666666,6.567624137969191,-5.578286700528895,80,12,0.0,335.5
2022-07-03 11:38:14.182259,34.10614366666667,-117.71195866666666,6.567624137969191,-5.7080142975411885,80,12,0.0,335.3
2022-07-03 11:38:15.274261,34.1061435,-117.7119585,6.58296905385099,-5.726546811804273,80,11,0.0,335.4
2022-07-03 11:38:16.319463,34.1061435,-117.7119585,6.58296905385099,-5.726546811804273,80,11,0.0,335.8
2022-07-03 11:38:17.458265,34.1061425,-117.711958,6.6290038038390415,-5.837741895968129,80,11,0.0,335.4
2022-07-03 11:38:18.550267,34.106143,-117.71195683333333,6.736418215011632,-5.782144353178877,80,10,0.0,335.6
2022-07-03 11:38:19.626669,34.10614233333333,-117.711956,6.813142796763282,-5.856274410231213,80,11,0.0,335.7
