serial_no,line_counter,datetime,code_space,tag_id,sensor_adc,signal_level,noise_level,channel,latitude,longitude,total_dt,dt,delta_tof,delta_distance,total_distance
,,2022-07-18 08:25:32.096613,,,,,,,,,,,,,
,,2022-07-18 08:25:42.103290,,,,,,,,,,,,,
457049,2,2022-07-18 08:25:44.266000,A69-1602,65477,,68.0,21.0,0,,,0.0,0,0,0,0
457049,3,2022-07-18 08:25:50.573000,A69-1602,65477,,68.0,21.0,0,,,6.307,6.307,-1.8721099999999993,-2733.280599999999,-2733.280599999999
457049,4,2022-07-18 08:25:56.879000,A69-1602,65477,,68.0,21.0,0,,,12.613,6.306,-1.8731099999999996,-2734.7405999999996,-5468.021199999999
457049,5,2022-07-18 08:26:03.185000,A69-1602,65477,,68.0,21.0,0,,,18.919,6.306,-1.8731099999999996,-2734.7405999999996,-8202.761799999998
457049,6,2022-07-18 08:26:11.364000,A69-1602,65477,,68.0,21.5,0,,,27.098,8.179,-0.00010999999999938836,-0.160599999999107,-8202.922399999998
457049,7,2022-07-18 08:26:19.543000,A69-1602,65477,,68.5,21.0,0,,,35.277,8.179,-0.00010999999999938836,-0.160599999999107,-8203.082999999997
457049,8,2022-07-18 08:26:27.722000,A69-1602,65477,,68.5,21.0,0,,,43.456,8.179,-0.00010999999999938836,-0.160599999999107,-8203.243599999996
457049,9,2022-07-18 08:26:35.903000,A69-1602,65477,,68.5,21.0,0,,,51.637,8.181,0.0018899999999995032,2.7593999999992747,-8200.484199999997
457049,10,2022-07-18 08:26:44.082000,A69-1602,65477,,68.5,21.5,0,,,59.816,8.179,-0.00010999999999938836,-0.160599999999107,-8200.644799999996
457049,11,2022-07-18 08:26:52.261000,A69-1602,65477,,68.5,21.0,0,,,67.995,8.179,-0.00010999999999938836,-0.160599999999107,-8200.805399999996
457049,12,2022-07-18 08:27:00.441000,A69-1602,65477,,68.0,21.0,0,,,76.175,8.18,0.0008900000000000574,1.2994000000000838,-8199.505999999996
457049,13,2022-07-18 08:27:08.620000,A69-1602,65477,,68.0,21.0,0,,,84.354,8.179,-0.00010999999999938836,-0.160599999999107,-8199.666599999995
457049,14,2022-07-18 08:27:16.799000,A69-1602,65477,,68.5,21.0,0,,,92.533,8.179,-0.00010999999999938836,-0.160599999999107,-8199.827199999994
457049,15,2022-07-18 08:27:24.978000,A69-1602,65477,,68.0,21.0,0,,,100.712,8.179,-0.00010999999999938836,-0.160599999999107,-8199.987799999994
457049,16,2022-07-18 08:27:33.157000,A69-1602,65477,,68.5,21.0,0,,,108.891,8.179,-0.00010999999999938836,-0.160599999999107,-8200.148399999993
457049,17,2022-07-18 08:27:41.336000,A69-1602,65477,,69.5,21.0,0,,,117.07,8.179,-0.00010999999999938836,-0.160599999999107,-8200.308999999992
457049,18,2022-07-18 08:27:49.516000,A69-1602,65477,,69.5,21.0,0,,,125.25,8.18,0.0008900000000000574,1.2994000000000838,-8199.009599999992
457049,19,2022-07-18 08:27:57.695000,A69-1602,65477,,69.5,21.0,0,,,133.429,8.179,-0.00010999999999938836,-0.160599999999107,-8199.170199999991
457049,20,2022-07-18 08:28:05.874000,A69-1602,65477,,69.5,21.0,0,,,141.608,8.179,-0.00010999999999938836,-0.160599999999107,-8199.33079999999
457049,21,2022-07-18 08:28:14.053000,A69-1602,65477,,70.0,21.0,0,,,149.787,8.179,-0.00010999999999938836,-0.160599999999107,-8199.49139999999
457049,22,2022-07-18 08:28:22.232000,A69-1602,65477,,69.5,21.0,0,,,157.966,8.179,-0.00010999999999938836,-0.160599999999107,-8199.65199999999
457049,23,2022-07-18 08:28:30.411000,A69-1602,65477,,69.5,21.5,0,,,166.145,8.179,-0.00010999999999938836,-0.160599999999107,-8199.812599999988
457049,24,2022-07-18 08:28:38.591000,A69-1602,65477,,69.5,21.0,0,,,174.325,8.18,0.0008900000000000574,1.2994000000000838,-8198.513199999989
457049,25,2022-07-18 08:28:46.770000,A69-1602,65477,,70.0,21.0,0,,,182.504,8.179,-0.00010999999999938836,-0.160599999999107,-8198.673799999988
457049,26,2022-07-18 08:28:54.949000,A69-1602,65477,,70.0,21.0,0,,,190.683,8.179,-0.00010999999999938836,-0.160599999999107,-8198.834399999987
457049,27,2022-07-18 08:29:03.128000,A69-1602,65477,,70.0,21.0,0,,,198.862,8.179,-0.00010999999999938836,-0.160599999999107,-8198.994999999986
457049,28,2022-07-18 08:29:11.307000,A69-1602,65477,,70.0,21.0,0,,,207.041,8.179,-0.00010999999999938836,-0.160599999999107,-8199.155599999985
457049,29,2022-07-18 08:29:19.487000,A69-1602,65477,,66.5,23.0,0,,,215.221,8.18,0.0008900000000000574,1.2994000000000838,-8197.856199999986
457049,30,2022-07-18 08:29:27.666000,A69-1602,65477,,68.0,21.0,0,,,223.4,8.179,-0.00010999999999938836,-0.160599999999107,-8198.016799999985
457049,31,2022-07-18 08:29:35.845000,A69-1602,65477,,67.5,21.0,0,,,231.579,8.179,-0.00010999999999938836,-0.160599999999107,-8198.177399999984
457049,32,2022-07-18 08:29:44.024000,A69-1602,65477,,68.0,21.0,0,,,239.758,8.179,-0.00010999999999938836,-0.160599999999107,-8198.337999999983
457049,33,2022-07-18 08:29:52.203000,A69-1602,65477,,67.0,21.5,0,,,247.937,8.179,-0.00010999999999938836,-0.160599999999107,-8198.498599999983
457049,34,2022-07-18 08:30:00.382000,A69-1602,65477,,69.0,21.0,0,,,256.116,8.179,-0.00010999999999938836,-0.160599999999107,-8198.659199999982
457049,35,2022-07-18 08:30:08.561000,A69-1602,65477,,69.5,21.0,0,,,264.295,8.179,-0.00010999999999938836,-0.160599999999107,-8198.819799999981
457049,36,2022-07-18 08:30:16.741000,A69-1602,65477,,69.5,21.0,0,,,272.475,8.18,0.0008900000000000574,1.2994000000000838,-8197.520399999981
457049,37,2022-07-18 08:30:24.920000,A69-1602,65477,,69.5,21.0,0,,,280.654,8.179,-0.00010999999999938836,-0.160599999999107,-8197.68099999998
457049,38,2022-07-18 08:30:33.099000,A69-1602,65477,,69.5,21.5,0,,,288.833,8.179,-0.00010999999999938836,-0.160599999999107,-8197.84159999998
457049,39,2022-07-18 08:30:41.278000,A69-1602,65477,,69.5,21.0,0,,,297.012,8.179,-0.00010999999999938836,-0.160599999999107,-8198.002199999979
457049,40,2022-07-18 08:30:49.457000,A69-1602,65477,,70.0,21.0,0,,,305.191,8.179,-0.00010999999999938836,-0.160599999999107,-8198.162799999978
457049,41,2022-07-18 08:30:57.636000,A69-1602,65477,,70.0,21.0,0,,,313.37,8.179,-0.00010999999999938836,-0.160599999999107,-8198.323399999977
457049,42,2022-07-18 08:31:05.815000,A69-1602,65477,,70.0,21.5,0,,,321.549,8.179,-0.00010999999999938836,-0.160599999999107,-8198.483999999977
457049,43,2022-07-18 08:31:13.994000,A69-1602,65477,,70.0,21.0,0,,,329.728,8.179,-0.00010999999999938836,-0.160599999999107,-8198.644599999976
457049,44,2022-07-18 08:31:22.174000,A69-1602,65477,,70.0,21.0,0,,,337.908,8.18,0.0008900000000000574,1.2994000000000838,-8197.345199999976
457049,45,2022-07-18 08:31:30.353000,A69-1602,65477,,70.0,21.0,0,,,346.087,8.179,-0.00010999999999938836,-0.160599999999107,-8197.505799999975
457049,46,2022-07-18 08:31:38.532000,A69-1602,65477,,70.0,21.0,0,,,354.266,8.179,-0.00010999999999938836,-0.160599999999107,-8197.666399999975
457049,47,2022-07-18 08:31:46.711000,A69-1602,65477,,69.0,21.5,0,,,362.445,8.179,-0.00010999999999938836,-0.160599999999107,-8197.826999999974
457049,48,2022-07-18 08:31:54.893000,A69-1602,65477,,36.5,21.5,0,,,370.627,8.182,0.0028900000000007253,4.219400000001059,-8193.607599999972
457049,49,2022-07-18 08:32:21.485000,A69-1602,65478,,74.5,23.5,0,,,0.0,0,0,0,0
457049,50,2022-07-18 08:32:27.791000,A69-1602,65478,,76.0,21.0,0,,,6.306,6.306,-1.8730710000000004,-2734.6836600000006,-2734.6836600000006
457049,51,2022-07-18 08:32:34.098000,A69-1602,65478,,75.0,21.0,0,,,12.613,6.307,-1.872071,-2733.22366,-5467.90732
457049,52,2022-07-18 08:32:40.404000,A69-1602,65478,,74.5,21.0,0,,,18.919,6.306,-1.8730710000000004,-2734.6836600000006,-8202.59098
457049,53,2022-07-18 08:32:46.710000,A69-1602,65478,,73.5,21.0,0,,,25.225,6.306,-1.8730710000000004,-2734.6836600000006,-10937.274640000001
457049,54,2022-07-18 08:32:53.016000,A69-1602,65478,,73.5,21.0,0,,,31.531,6.306,-1.8730710000000004,-2734.6836600000006,-13671.958300000002
457049,55,2022-07-18 08:32:59.322000,A69-1602,65478,,73.5,21.5,0,,,37.837,6.306,-1.8730710000000004,-2734.6836600000006,-16406.64196
457049,56,2022-07-18 08:33:05.628000,A69-1602,65478,,74.0,21.0,0,,,44.143,6.306,-1.8730710000000004,-2734.6836600000006,-19141.325620000003
457049,57,2022-07-18 08:33:11.934000,A69-1602,65478,,73.5,21.0,0,,,50.449,6.306,-1.8730710000000004,-2734.6836600000006,-21876.009280000006
457049,58,2022-07-18 08:33:18.240000,A69-1602,65478,,74.0,21.0,0,,,56.755,6.306,-1.8730710000000004,-2734.6836600000006,-24610.692940000008
457049,59,2022-07-18 08:33:24.547000,A69-1602,65478,,73.5,21.0,0,,,63.062,6.307,-1.872071,-2733.22366,-27343.916600000008
457049,60,2022-07-18 08:33:32.725000,A69-1602,65478,,74.5,21.0,0,,,71.24,8.178,-0.0010709999999996,-1.563659999999416,-27345.480260000008
,,2022-07-18 08:33:43.092628,,,,,,,,,,,,,
,,2022-07-18 08:33:53.094046,,,,,,,,,,,,,
,,2022-07-18 08:34:03.100531,,,,,,,,,,,,,
,,2022-07-18 08:34:13.113112,,,,,,,,,,,,,
,,2022-07-18 08:35:39.912884,,,,,,,,,,,,,
,,2022-07-18 08:35:49.928326,,,,,,,,,,,,,
